-----------EB Tester Software-----------
*Step,Mode,Capacity,Energy
*1-1,C-CV,0,340,1,394
*1-2,Wait,0,0
*1-3,D-CC,26,66,99,26
*1-4,Wait,0,0
*1-5,C-CV,0,000,0,000
*1-6,C-CV,7,356,28,52
Title:EB Tester Software
------------www.zketech.com--------------
Time(S),Cur(A),Vol(V)
0,0,00,4,085
0,0,00,4,085
1,1,76,4,091
3,4,06,4,100
5,4,06,4,100
7,4,06,4,100
9,4,06,4,100
11,4,06,4,100
13,4,06,4,100
15,4,06,4,100
17,4,06,4,100
19,4,06,4,100
21,4,06,4,100
23,4,06,4,100
25,4,06,4,100
27,4,05,4,100
29,4,00,4,100
31,3,94,4,100
33,3,84,4,100
35,3,77,4,100
37,3,70,4,100
39,3,63,4,100
41,3,56,4,100
43,3,49,4,100
45,3,44,4,100
47,3,38,4,100
49,3,33,4,100
51,3,26,4,100
53,3,22,4,100
55,3,16,4,100
57,3,12,4,100
59,3,06,4,100
61,3,01,4,100
63,2,97,4,100
65,2,94,4,100
67,2,91,4,100
69,2,85,4,100
71,2,81,4,100
73,2,79,4,100
75,2,75,4,100
77,2,72,4,100
79,2,68,4,100
81,2,63,4,100
83,2,61,4,100
85,2,57,4,100
87,2,53,4,100
89,2,51,4,100
91,2,47,4,100
93,2,44,4,100
95,2,42,4,100
97,2,40,4,100
99,2,37,4,100
101,2,34,4,100
103,2,31,4,100
105,2,29,4,100
107,2,27,4,100
109,2,24,4,100
111,2,22,4,100
113,2,21,4,100
115,2,17,4,100
117,2,16,4,100
119,2,13,4,100
121,2,12,4,100
123,2,09,4,100
125,2,07,4,100
127,2,05,4,100
129,2,04,4,100
131,2,02,4,100
133,2,01,4,100
135,2,00,4,100
137,1,97,4,100
139,1,95,4,100
141,1,93,4,100
143,1,93,4,100
145,1,91,4,100
147,1,89,4,100
149,1,87,4,100
151,1,84,4,100
153,1,82,4,100
155,1,82,4,100
157,1,81,4,100
159,1,80,4,100
161,1,79,4,100
163,1,78,4,100
165,1,76,4,100
167,1,75,4,100
169,1,75,4,100
171,1,73,4,100
173,1,72,4,100
175,1,71,4,100
177,1,71,4,100
179,1,68,4,100
181,1,67,4,100
183,1,67,4,100
185,1,65,4,100
187,1,64,4,100
189,1,63,4,100
191,1,63,4,100
193,1,62,4,100
195,1,61,4,100
197,1,60,4,100
199,1,58,4,100
201,1,58,4,100
203,1,58,4,100
205,1,56,4,100
207,1,55,4,100
209,1,54,4,100
211,1,54,4,100
213,1,53,4,100
215,1,51,4,100
217,1,50,4,100
219,1,50,4,100
221,1,49,4,100
223,1,48,4,100
225,1,47,4,100
227,1,46,4,100
229,1,46,4,100
231,1,45,4,100
233,1,45,4,100
235,1,43,4,100
237,1,42,4,100
239,1,42,4,100
241,1,42,4,100
243,1,42,4,100
245,1,41,4,100
247,1,38,4,100
249,1,38,4,100
251,1,37,4,100
253,1,37,4,100
255,1,37,4,100
257,1,37,4,100
259,1,36,4,100
261,1,35,4,100
263,1,34,4,100
265,1,33,4,100
267,1,33,4,100
269,1,33,4,100
271,1,32,4,100
273,1,32,4,100
275,1,30,4,100
277,1,29,4,100
279,1,28,4,100
281,1,28,4,100
283,1,28,4,100
285,1,28,4,100
287,1,27,4,100
289,1,26,4,100
291,1,26,4,100
293,1,25,4,100
295,1,25,4,100
297,1,25,4,100
299,1,25,4,100
301,1,24,4,100
303,1,24,4,100
305,1,24,4,100
307,1,22,4,100
309,1,21,4,100
311,1,21,4,100
313,1,21,4,100
315,1,20,4,100
317,1,20,4,100
319,1,20,4,100
321,1,20,4,100
323,1,19,4,100
325,1,17,4,100
327,1,17,4,100
329,1,16,4,100
331,1,16,4,100
333,1,16,4,100
335,1,16,4,100
337,1,16,4,100
339,1,15,4,100
341,1,14,4,100
343,1,13,4,100
345,1,13,4,100
347,1,13,4,100
349,1,12,4,100
351,1,12,4,100
353,1,12,4,100
355,1,12,4,100
357,1,12,4,100
359,1,12,4,100
361,1,12,4,100
363,1,12,4,100
365,1,12,4,100
367,1,11,4,100
369,1,10,4,100
371,1,08,4,100
373,1,08,4,100
375,1,08,4,100
377,1,08,4,100
379,1,08,4,100
381,1,07,4,100
383,1,07,4,100
385,1,07,4,100
387,1,06,4,100
389,1,06,4,100
391,1,05,4,100
393,1,05,4,100
395,1,05,4,100
397,1,04,4,100
399,1,04,4,100
401,1,04,4,100
403,1,04,4,100
405,1,04,4,100
407,1,04,4,100
409,1,03,4,100
411,1,02,4,100
413,1,02,4,100
415,1,01,4,100
417,1,01,4,100
419,1,00,4,100
421,1,00,4,100
423,1,00,4,100
425,1,00,4,100
427,1,00,4,100
429,1,00,4,100
431,0,99,4,100
433,0,99,4,100
435,0,99,4,100
437,0,99,4,100
439,0,99,4,100
441,0,99,4,100
443,0,99,4,100
445,0,98,4,100
447,0,98,4,100
449,0,97,4,100
451,0,96,4,100
453,0,96,4,100
455,0,96,4,100
457,0,96,4,100
459,0,96,4,100
461,0,96,4,100
463,0,95,4,100
465,0,95,4,100
467,0,95,4,100
469,0,95,4,100
471,0,95,4,100
473,0,94,4,100
475,0,94,4,100
477,0,94,4,100
479,0,93,4,100
481,0,92,4,100
483,0,92,4,100
485,0,91,4,100
487,0,91,4,100
489,0,91,4,100
491,0,91,4,100
493,0,91,4,100
495,0,91,4,100
497,0,91,4,100
499,0,91,4,100
501,0,91,4,100
503,0,90,4,100
505,0,90,4,100
507,0,89,4,100
509,0,89,4,100
511,0,89,4,100
513,0,89,4,100
515,0,88,4,100
517,0,88,4,100
519,0,87,4,100
521,0,88,4,100
523,0,87,4,100
525,0,87,4,100
527,0,87,4,100
529,0,87,4,100
531,0,87,4,100
533,0,87,4,100
535,0,86,4,100
537,0,86,4,100
539,0,86,4,100
541,0,86,4,100
543,0,86,4,100
545,0,85,4,100
547,0,84,4,100
549,0,84,4,100
551,0,84,4,100
553,0,83,4,100
555,0,83,4,100
557,0,83,4,100
559,0,83,4,100
561,0,83,4,100
563,0,83,4,100
565,0,83,4,100
567,0,83,4,100
569,0,83,4,100
571,0,83,4,100
573,0,82,4,100
575,0,82,4,100
577,0,82,4,100
579,0,82,4,100
581,0,82,4,100
583,0,82,4,100
585,0,81,4,100
587,0,81,4,100
589,0,80,4,100
591,0,81,4,100
593,0,80,4,100
595,0,80,4,100
597,0,79,4,100
599,0,79,4,100
601,0,79,4,100
603,0,79,4,100
605,0,79,4,100
607,0,79,4,100
609,0,79,4,100
611,0,79,4,100
613,0,79,4,100
615,0,79,4,100
617,0,79,4,100
619,0,78,4,100
621,0,78,4,100
623,0,78,4,100
625,0,78,4,100
627,0,78,4,100
629,0,78,4,100
631,0,78,4,100
633,0,78,4,100
635,0,77,4,100
637,0,77,4,100
639,0,76,4,100
641,0,76,4,100
643,0,75,4,100
645,0,75,4,100
647,0,75,4,100
649,0,75,4,100
651,0,75,4,100
653,0,74,4,100
655,0,74,4,100
657,0,74,4,100
659,0,74,4,100
661,0,74,4,100
663,0,74,4,100
665,0,74,4,100
667,0,74,4,100
669,0,73,4,100
671,0,73,4,100
673,0,73,4,100
675,0,73,4,100
677,0,73,4,100
679,0,73,4,100
681,0,73,4,100
683,0,72,4,100
685,0,72,4,100
687,0,72,4,100
689,0,72,4,100
691,0,71,4,100
693,0,71,4,100
695,0,71,4,100
697,0,71,4,100
699,0,71,4,100
701,0,71,4,100
703,0,71,4,100
705,0,71,4,100
707,0,71,4,100
709,0,70,4,100
711,0,70,4,100
713,0,70,4,100
715,0,70,4,100
717,0,70,4,100
719,0,70,4,100
721,0,70,4,100
723,0,70,4,100
725,0,70,4,100
727,0,70,4,100
729,0,69,4,100
731,0,68,4,100
733,0,68,4,100
735,0,68,4,100
737,0,67,4,100
739,0,66,4,100
741,0,66,4,100
743,0,66,4,100
745,0,66,4,100
747,0,66,4,100
749,0,66,4,100
751,0,66,4,100
753,0,66,4,100
755,0,66,4,100
757,0,66,4,100
759,0,66,4,100
761,0,66,4,100
762,0,66,4,100
765,0,66,4,100
767,0,66,4,100
769,0,66,4,100
771,0,66,4,100
773,0,66,4,100
775,0,66,4,100
777,0,66,4,100
779,0,66,4,100
781,0,66,4,100
783,0,66,4,100
785,0,66,4,100
787,0,65,4,100
789,0,65,4,100
791,0,65,4,100
792,0,65,4,100
795,0,64,4,100
797,0,64,4,100
799,0,64,4,100
801,0,64,4,100
802,0,63,4,100
805,0,63,4,100
807,0,63,4,100
809,0,62,4,100
811,0,62,4,100
813,0,62,4,100
815,0,62,4,100
817,0,62,4,100
819,0,62,4,100
821,0,62,4,100
822,0,62,4,100
825,0,62,4,100
827,0,62,4,100
829,0,62,4,100
831,0,62,4,100
832,0,62,4,100
835,0,62,4,100
837,0,62,4,100
839,0,62,4,100
841,0,61,4,100
842,0,61,4,100
845,0,61,4,100
847,0,61,4,100
849,0,61,4,100
851,0,60,4,100
852,0,60,4,100
855,0,60,4,100
857,0,60,4,100
859,0,60,4,100
861,0,59,4,100
862,0,59,4,100
865,0,59,4,100
867,0,59,4,100
869,0,59,4,100
871,0,59,4,100
872,0,58,4,100
875,0,58,4,100
877,0,58,4,100
879,0,58,4,100
881,0,58,4,100
882,0,58,4,100
885,0,58,4,100
887,0,58,4,100
889,0,58,4,100
891,0,58,4,100
892,0,58,4,100
895,0,58,4,100
897,0,58,4,100
899,0,58,4,100
901,0,58,4,100
902,0,58,4,100
905,0,58,4,100
907,0,58,4,100
909,0,58,4,100
911,0,58,4,100
912,0,58,4,100
915,0,58,4,100
917,0,57,4,100
919,0,57,4,100
921,0,57,4,100
922,0,57,4,100
925,0,57,4,100
927,0,56,4,100
929,0,56,4,100
931,0,56,4,100
932,0,55,4,100
935,0,55,4,100
937,0,55,4,100
939,0,54,4,100
941,0,54,4,100
942,0,54,4,100
945,0,54,4,100
947,0,54,4,100
949,0,54,4,100
951,0,53,4,100
952,0,53,4,100
955,0,53,4,100
957,0,53,4,100
959,0,53,4,100
961,0,53,4,100
962,0,53,4,100
965,0,53,4,100
967,0,53,4,100
969,0,53,4,100
971,0,53,4,100
972,0,53,4,100
975,0,53,4,100
977,0,53,4,100
979,0,53,4,100
981,0,53,4,100
982,0,53,4,100
985,0,53,4,100
987,0,53,4,100
989,0,53,4,100
991,0,53,4,100
992,0,53,4,100
995,0,53,4,100
997,0,53,4,100
999,0,52,4,100
1001,0,52,4,100
1002,0,51,4,100
1005,0,51,4,100
1007,0,51,4,100
1009,0,50,4,100
1011,0,50,4,100
1012,0,50,4,100
1015,0,50,4,100
1017,0,50,4,100
1019,0,50,4,100
1021,0,50,4,100
1022,0,50,4,100
1025,0,50,4,100
1027,0,50,4,100
1029,0,50,4,100
1029,0,50,4,100
1029,0,50,4,100
1030,0,00,4,100
1032,0,00,4,100
1034,0,00,4,100
1036,0,00,4,100
1038,0,00,4,100
1040,0,00,4,100
1042,0,00,4,100
1044,0,00,4,100
1046,0,00,4,100
1048,0,00,4,100
1050,0,00,4,100
1052,0,00,4,100
1054,0,00,4,100
1056,0,00,4,100
1058,0,00,4,100
1060,0,00,4,100
1062,0,00,4,100
1064,0,00,4,100
1066,0,00,4,100
1068,0,00,4,100
1070,0,00,4,100
1072,0,00,4,100
1074,0,00,4,100
1076,0,00,4,100
1078,0,00,4,100
1080,0,00,4,100
1082,0,00,4,100
1084,0,00,4,100
1086,0,00,4,100
1088,0,00,4,100
1090,0,00,4,100
1092,0,00,4,100
1094,0,00,4,100
1096,0,00,4,100
1098,0,00,4,100
1100,0,00,4,100
1102,0,00,4,100
1104,0,00,4,100
1106,0,00,4,100
1108,0,00,4,100
1110,0,00,4,100
1112,0,00,4,100
1114,0,00,4,100
1116,0,00,4,100
1118,0,00,4,100
1120,0,00,4,100
1122,0,00,4,100
1124,0,00,4,100
1126,0,00,4,100
1128,0,00,4,100
1130,0,00,4,100
1132,0,00,4,100
1134,0,00,4,100
1136,0,00,4,100
1138,0,00,4,100
1140,0,00,4,100
1142,0,00,4,100
1144,0,00,4,100
1146,0,00,4,100
1148,0,00,4,100
1150,0,00,4,100
1152,0,00,4,100
1154,0,00,4,100
1156,0,00,4,100
1158,0,00,4,100
1160,0,00,4,100
1162,0,00,4,100
1164,0,00,4,100
1166,0,00,4,100
1168,0,00,4,100
1170,0,00,4,100
1172,0,00,4,100
1174,0,00,4,100
1176,0,00,4,100
1178,0,00,4,100
1180,0,00,4,100
1182,0,00,4,100
1184,0,00,4,100
1186,0,00,4,100
1188,0,00,4,100
1190,0,00,4,100
1192,0,00,4,100
1194,0,00,4,100
1196,0,00,4,100
1198,0,00,4,100
1200,0,00,4,100
1202,0,00,4,100
1204,0,00,4,100
1206,0,00,4,100
1208,0,00,4,100
1210,0,00,4,100
1212,0,00,4,100
1214,0,00,4,100
1216,0,00,4,100
1218,0,00,4,100
1220,0,00,4,100
1222,0,00,4,100
1224,0,00,4,100
1226,0,00,4,100
1228,0,00,4,100
1230,0,00,4,100
1232,0,00,4,100
1234,0,00,4,100
1236,0,00,4,100
1238,0,00,4,100
1240,0,00,4,100
1242,0,00,4,100
1244,0,00,4,100
1246,0,00,4,100
1248,0,00,4,100
1250,0,00,4,100
1252,0,00,4,100
1254,0,00,4,100
1256,0,00,4,100
1258,0,00,4,100
1260,0,00,4,100
1262,0,00,4,100
1264,0,00,4,100
1266,0,00,4,100
1268,0,00,4,100
1270,0,00,4,100
1272,0,00,4,100
1274,0,00,4,100
1276,0,00,4,100
1278,0,00,4,100
1280,0,00,4,100
1282,0,00,4,100
1284,0,00,4,100
1286,0,00,4,100
1288,0,00,4,100
1290,0,00,4,100
1292,0,00,4,100
1294,0,00,4,100
1296,0,00,4,100
1298,0,00,4,100
1300,0,00,4,100
1302,0,00,4,100
1304,0,00,4,100
1306,0,00,4,100
1308,0,00,4,100
1310,0,00,4,100
1312,0,00,4,100
1314,0,00,4,100
1316,0,00,4,100
1318,0,00,4,100
1320,0,00,4,100
1322,0,00,4,100
1324,0,00,4,100
1326,0,00,4,100
1328,0,00,4,100
1330,0,00,4,100
1332,0,00,4,100
1334,0,00,4,100
1336,0,00,4,100
1338,0,00,4,100
1340,0,00,4,100
1342,0,00,4,100
1344,0,00,4,100
1346,0,00,4,100
1348,0,00,4,100
1350,0,00,4,100
1352,0,00,4,100
1354,0,00,4,100
1356,0,00,4,100
1358,0,00,4,100
1360,0,00,4,100
1362,0,00,4,100
1364,0,00,4,100
1366,0,00,4,100
1368,0,00,4,100
1370,0,00,4,100
1372,0,00,4,100
1374,0,00,4,100
1376,0,00,4,100
1378,0,00,4,100
1380,0,00,4,100
1382,0,00,4,100
1384,0,00,4,100
1386,0,00,4,100
1388,0,00,4,100
1390,0,00,4,100
1392,0,00,4,100
1394,0,00,4,100
1396,0,00,4,100
1398,0,00,4,100
1400,0,00,4,100
1402,0,00,4,100
1404,0,00,4,100
1406,0,00,4,100
1408,0,00,4,100
1410,0,00,4,100
1412,0,00,4,100
1414,0,00,4,100
1416,0,00,4,100
1418,0,00,4,100
1420,0,00,4,100
1422,0,00,4,100
1424,0,00,4,100
1426,0,00,4,100
1428,0,00,4,100
1430,0,00,4,100
1432,0,00,4,100
1434,0,00,4,100
1436,0,00,4,100
1438,0,00,4,100
1440,0,00,4,100
1442,0,00,4,100
1444,0,00,4,100
1446,0,00,4,100
1448,0,00,4,100
1450,0,00,4,100
1452,0,00,4,100
1454,0,00,4,100
1456,0,00,4,100
1458,0,00,4,100
1460,0,00,4,100
1462,0,00,4,100
1464,0,00,4,100
1466,0,00,4,100
1468,0,00,4,100
1470,0,00,4,100
1472,0,00,4,100
1474,0,00,4,100
1476,0,00,4,100
1478,0,00,4,100
1480,0,00,4,100
1482,0,00,4,100
1484,0,00,4,100
1486,0,00,4,100
1488,0,00,4,100
1490,0,00,4,100
1492,0,00,4,100
1494,0,00,4,100
1496,0,00,4,100
1498,0,00,4,100
1500,0,00,4,100
1502,0,00,4,100
1504,0,00,4,100
1506,0,00,4,100
1508,0,00,4,100
1510,0,00,4,100
1512,0,00,4,100
1514,0,00,4,100
1516,0,00,4,100
1518,0,00,4,100
1520,0,00,4,100
1522,0,00,4,100
1524,0,00,4,100
1526,0,00,4,100
1528,0,00,4,100
1530,0,00,4,100
1532,0,00,4,100
1534,0,00,4,100
1536,0,00,4,100
1538,0,00,4,100
1540,0,00,4,100
1542,0,00,4,100
1544,0,00,4,100
1546,0,00,4,100
1548,0,00,4,100
1550,0,00,4,100
1552,0,00,4,100
1554,0,00,4,100
1556,0,00,4,100
1558,0,00,4,100
1560,0,00,4,100
1562,0,00,4,100
1564,0,00,4,100
1566,0,00,4,100
1568,0,00,4,100
1570,0,00,4,100
1572,0,00,4,100
1574,0,00,4,100
1576,0,00,4,100
1578,0,00,4,100
1580,0,00,4,100
1582,0,00,4,100
1584,0,00,4,100
1586,0,00,4,100
1588,0,00,4,100
1590,0,00,4,100
1592,0,00,4,100
1594,0,00,4,100
1596,0,00,4,100
1598,0,00,4,100
1600,0,00,4,100
1602,0,00,4,100
1604,0,00,4,100
1606,0,00,4,100
1608,0,00,4,100
1610,0,00,4,100
1612,0,00,4,100
1614,0,00,4,100
1616,0,00,4,100
1618,0,00,4,100
1620,0,00,4,100
1622,0,00,4,100
1624,0,00,4,100
1626,0,00,4,100
1628,0,00,4,100
1630,0,00,4,100
1632,0,00,4,100
1634,0,00,4,100
1636,0,00,4,100
1638,0,00,4,100
1640,0,00,4,100
1641,0,00,4,096
1643,20,00,4,034
1645,20,00,4,030
1647,20,00,4,028
1649,20,00,4,026
1651,20,00,4,024
1653,20,00,4,022
1655,20,00,4,020
1657,20,00,4,019
1659,20,00,4,017
1661,20,00,4,016
1663,20,00,4,016
1665,20,00,4,013
1667,20,00,4,012
1669,20,00,4,011
1671,20,00,4,010
1673,20,00,4,008
1675,20,00,4,008
1677,20,00,4,006
1679,20,00,4,005
1681,20,00,4,005
1683,20,00,4,004
1685,20,00,4,002
1687,20,00,4,002
1689,20,00,4,000
1691,20,00,4,000
1693,20,00,3,998
1695,20,00,3,997
1697,20,00,3,997
1699,20,00,3,995
1701,20,00,3,995
1703,20,00,3,994
1705,20,00,3,994
1707,20,00,3,993
1709,20,00,3,991
1711,20,00,3,990
1713,20,00,3,990
1715,20,00,3,990
1717,20,00,3,989
1719,20,00,3,988
1721,20,00,3,987
1723,20,00,3,987
1725,20,00,3,986
1727,20,00,3,984
1729,20,00,3,984
1731,20,00,3,984
1733,20,00,3,983
1735,20,00,3,983
1737,20,00,3,982
1739,20,00,3,981
1741,20,00,3,980
1743,20,00,3,979
1745,20,00,3,979
1747,20,00,3,979
1749,20,00,3,978
1751,20,00,3,977
1753,20,00,3,976
1755,20,00,3,975
1757,20,00,3,975
1759,20,00,3,975
1761,20,00,3,974
1763,20,00,3,974
1765,20,00,3,973
1767,20,00,3,973
1769,20,00,3,972
1771,20,00,3,972
1773,20,00,3,971
1775,20,00,3,972
1777,20,00,3,971
1779,20,00,3,970
1781,20,00,3,969
1783,20,00,3,969
1785,20,00,3,968
1787,20,00,3,968
1789,20,00,3,967
1791,20,00,3,967
1793,20,00,3,966
1795,20,00,3,965
1797,20,00,3,965
1799,20,00,3,965
1801,20,00,3,964
1803,20,00,3,964
1805,20,00,3,963
1807,20,00,3,963
1809,20,00,3,963
1811,20,00,3,963
1813,20,00,3,962
1815,20,00,3,962
1817,20,00,3,961
1819,20,00,3,961
1821,20,00,3,961
1823,20,00,3,960
1825,20,00,3,960
1827,20,00,3,959
1829,20,00,3,959
1831,20,00,3,958
1833,20,00,3,958
1835,20,00,3,957
1837,20,00,3,957
1839,20,00,3,957
1841,20,00,3,956
1843,20,00,3,956
1845,20,00,3,955
1847,20,00,3,955
1849,20,00,3,955
1851,20,00,3,954
1853,20,00,3,954
1855,20,00,3,953
1857,20,00,3,953
1859,20,00,3,953
1861,20,00,3,952
1863,20,00,3,952
1865,20,00,3,952
1867,20,00,3,952
1869,20,00,3,951
1871,20,00,3,951
1873,20,00,3,951
1875,20,00,3,951
1877,20,00,3,951
1879,20,00,3,950
1881,20,00,3,949
1883,20,00,3,949
1885,20,00,3,949
1887,20,00,3,949
1889,20,00,3,948
1891,20,00,3,947
1893,20,00,3,947
1895,20,00,3,947
1897,20,00,3,946
1899,20,00,3,946
1901,20,00,3,946
1903,20,00,3,946
1905,20,00,3,945
1907,20,00,3,945
1909,20,00,3,945
1911,20,00,3,945
1913,20,00,3,944
1915,20,00,3,943
1917,20,00,3,943
1919,20,00,3,943
1921,20,00,3,942
1923,20,00,3,942
1925,20,00,3,942
1927,20,00,3,942
1929,20,00,3,941
1931,20,00,3,941
1933,20,00,3,941
1935,20,00,3,941
1937,20,00,3,941
1939,20,00,3,941
1941,20,00,3,941
1943,20,00,3,940
1945,20,00,3,940
1947,20,00,3,939
1949,20,00,3,939
1951,20,00,3,939
1953,20,00,3,939
1955,20,00,3,939
1957,20,00,3,938
1959,20,00,3,938
1961,20,00,3,938
1963,20,00,3,937
1965,20,00,3,937
1967,20,00,3,937
1969,20,00,3,937
1971,20,00,3,936
1973,20,00,3,936
1975,20,00,3,935
1977,20,00,3,935
1979,20,00,3,935
1981,20,00,3,935
1983,20,00,3,934
1985,20,00,3,935
1987,20,00,3,934
1989,20,00,3,933
1991,20,00,3,933
1993,20,00,3,933
1995,20,00,3,933
1997,20,00,3,932
1999,20,00,3,932
2001,20,00,3,932
2003,20,00,3,931
2005,20,00,3,931
2007,20,00,3,931
2009,20,00,3,931
2011,20,00,3,931
2013,20,00,3,931
2015,20,00,3,931
2017,20,00,3,931
2019,20,00,3,931
2021,20,00,3,931
2023,20,00,3,931
2025,20,00,3,930
2027,20,00,3,930
2029,20,00,3,929
2031,20,00,3,929
2033,20,00,3,929
2035,20,00,3,929
2037,20,00,3,929
2039,20,00,3,929
2041,20,00,3,928
2043,20,00,3,928
2045,20,00,3,927
2047,20,00,3,927
2049,20,00,3,926
2051,20,00,3,926
2053,20,00,3,926
2055,20,00,3,926
2057,20,00,3,926
2059,20,00,3,926
2061,20,00,3,926
2063,20,00,3,925
2065,20,00,3,925
2067,20,00,3,925
2069,20,00,3,924
2071,20,00,3,924
2073,20,00,3,924
2075,20,00,3,924
2077,20,00,3,924
2079,20,00,3,923
2081,20,00,3,923
2083,20,00,3,923
2085,20,00,3,923
2087,20,00,3,922
2089,20,00,3,922
2091,20,00,3,922
2093,20,00,3,921
2095,20,00,3,921
2097,20,00,3,920
2099,20,00,3,921
2101,20,00,3,921
2103,20,00,3,921
2105,20,00,3,921
2107,20,00,3,920
2109,20,00,3,920
2111,20,00,3,920
2113,20,00,3,920
2115,20,00,3,919
2117,20,00,3,920
2119,20,00,3,919
2121,20,00,3,920
2123,20,00,3,919
2125,20,00,3,919
2127,20,00,3,919
2129,20,00,3,919
2131,20,00,3,918
2133,20,00,3,917
2135,20,00,3,917
2137,20,00,3,917
2139,20,00,3,917
2141,20,00,3,917
2143,20,00,3,917
2145,20,00,3,917
2147,20,00,3,917
2149,20,00,3,917
2151,20,00,3,916
2153,20,00,3,916
2155,20,00,3,916
2157,20,00,3,916
2159,20,00,3,916
2161,20,00,3,915
2163,20,00,3,915
2165,20,00,3,915
2167,20,00,3,914
2169,20,00,3,914
2171,20,00,3,914
2173,20,00,3,914
2175,20,00,3,914
2177,20,00,3,914
2179,20,00,3,914
2181,20,00,3,913
2183,20,00,3,913
2185,20,00,3,913
2187,20,00,3,913
2189,20,00,3,913
2191,20,00,3,912
2193,20,00,3,913
2195,20,00,3,912
2197,20,00,3,912
2199,20,00,3,912
2201,20,00,3,911
2203,20,00,3,911
2205,20,00,3,911
2207,20,00,3,911
2209,20,00,3,911
2211,20,00,3,910
2213,20,00,3,910
2215,20,00,3,910
2217,20,00,3,909
2219,20,00,3,909
2221,20,00,3,909
2223,20,00,3,909
2225,20,00,3,909
2227,20,00,3,909
2229,20,00,3,909
2231,20,00,3,909
2233,20,00,3,909
2235,20,00,3,909
2237,20,00,3,909
2239,20,00,3,908
2241,20,00,3,908
2243,20,00,3,908
2245,20,00,3,907
2247,20,00,3,908
2249,20,00,3,908
2251,20,00,3,907
2253,20,00,3,907
2255,20,00,3,906
2257,20,00,3,906
2259,20,00,3,906
2261,20,00,3,906
2263,20,00,3,906
2265,20,00,3,906
2267,20,00,3,906
2269,20,00,3,906
2271,20,00,3,906
2273,20,00,3,905
2275,20,00,3,905
2277,20,00,3,905
2279,20,00,3,905
2281,20,00,3,904
2283,20,00,3,905
2285,20,00,3,904
2287,20,00,3,903
2289,20,00,3,904
2291,20,00,3,903
2293,20,00,3,903
2295,20,00,3,903
2297,20,00,3,903
2299,20,00,3,902
2301,20,00,3,902
2303,20,00,3,902
2305,20,00,3,902
2307,20,00,3,902
2309,20,00,3,902
2311,20,00,3,902
2313,20,00,3,902
2315,20,00,3,902
2317,20,00,3,901
2319,20,00,3,901
2321,20,00,3,901
2323,20,00,3,901
2325,20,00,3,901
2327,20,00,3,900
2329,20,00,3,900
2331,20,00,3,900
2333,20,00,3,900
2335,20,00,3,899
2337,20,00,3,899
2339,20,00,3,899
2341,20,00,3,899
2343,20,00,3,898
2345,20,00,3,898
2347,20,00,3,899
2349,20,00,3,898
2351,20,00,3,898
2353,20,00,3,898
2355,20,00,3,898
2357,20,00,3,898
2359,20,00,3,898
2361,20,00,3,898
2363,20,00,3,898
2365,20,00,3,898
2367,20,00,3,897
2369,20,00,3,898
2371,20,00,3,898
2373,20,00,3,897
2375,20,00,3,897
2377,20,00,3,897
2379,20,00,3,897
2381,20,00,3,897
2383,20,00,3,897
2385,20,00,3,896
2387,20,00,3,896
2389,20,00,3,896
2391,20,00,3,896
2393,20,00,3,895
2395,20,00,3,895
2397,20,00,3,895
2399,20,00,3,895
2401,20,00,3,895
2403,20,00,3,895
2405,20,00,3,894
2407,20,00,3,894
2409,20,00,3,894
2411,20,00,3,894
2413,20,00,3,894
2415,20,00,3,893
2417,20,00,3,894
2419,20,00,3,893
2421,20,00,3,893
2423,20,00,3,892
2425,20,00,3,892
2427,20,00,3,892
2429,20,00,3,892
2431,20,00,3,892
2433,20,00,3,891
2435,20,00,3,892
2437,20,00,3,891
2439,20,00,3,892
2441,20,00,3,891
2443,20,00,3,891
2445,20,00,3,890
2447,20,00,3,890
2449,20,00,3,890
2451,20,00,3,890
2453,20,00,3,890
2455,20,00,3,889
2457,20,00,3,890
2459,20,00,3,890
2461,20,00,3,890
2463,20,00,3,890
2465,20,00,3,889
2467,20,00,3,889
2469,20,00,3,889
2471,20,00,3,889
2473,20,00,3,888
2475,20,00,3,888
2477,20,00,3,888
2479,20,00,3,888
2481,20,00,3,888
2483,20,00,3,888
2485,20,00,3,888
2487,20,00,3,888
2489,20,00,3,888
2491,20,00,3,888
2493,20,00,3,888
2495,20,00,3,888
2497,20,00,3,888
2499,20,00,3,887
2501,20,00,3,887
2503,20,00,3,887
2505,20,00,3,887
2507,20,00,3,887
2509,20,00,3,887
2511,20,00,3,887
2513,20,00,3,887
2515,20,00,3,886
2517,20,00,3,886
2519,20,00,3,886
2521,20,00,3,885
2523,20,00,3,885
2525,20,00,3,886
2527,20,00,3,885
2529,20,00,3,885
2531,20,00,3,884
2533,20,00,3,885
2535,20,00,3,884
2537,20,00,3,884
2539,20,00,3,884
2541,20,00,3,884
2543,20,00,3,884
2545,20,00,3,884
2547,20,00,3,884
2549,20,00,3,884
2551,20,00,3,883
2553,20,00,3,883
2555,20,00,3,883
2557,20,00,3,883
2559,20,00,3,883
2561,20,00,3,882
2563,20,00,3,883
2565,20,00,3,882
2567,20,00,3,882
2569,20,00,3,882
2571,20,00,3,882
2573,20,00,3,881
2575,20,00,3,881
2577,20,00,3,881
2579,20,00,3,881
2581,20,00,3,881
2583,20,00,3,880
2585,20,00,3,880
2587,20,00,3,880
2589,20,00,3,880
2591,20,00,3,880
2593,20,00,3,880
2595,20,00,3,880
2597,20,00,3,880
2599,20,00,3,879
2601,20,00,3,879
2603,20,00,3,879
2605,20,00,3,879
2607,20,00,3,879
2609,20,00,3,879
2611,20,00,3,878
2613,20,00,3,878
2615,20,00,3,878
2617,20,00,3,878
2619,20,00,3,878
2621,20,00,3,878
2623,20,00,3,878
2625,20,00,3,877
2627,20,00,3,877
2629,20,00,3,877
2631,20,00,3,877
2633,20,00,3,877
2635,20,00,3,877
2637,20,00,3,877
2639,20,00,3,876
2641,20,00,3,876
2643,20,00,3,876
2645,20,00,3,876
2647,20,00,3,876
2649,20,00,3,876
2651,20,00,3,875
2653,20,00,3,875
2655,20,00,3,875
2657,20,00,3,875
2659,20,00,3,875
2661,20,00,3,876
2663,20,00,3,876
2665,20,00,3,875
2667,20,00,3,875
2669,20,00,3,875
2671,20,00,3,874
2673,20,00,3,874
2675,20,00,3,874
2677,20,00,3,874
2679,20,00,3,874
2681,20,00,3,873
2683,20,00,3,873
2685,20,00,3,873
2687,20,00,3,873
2689,20,00,3,873
2691,20,00,3,873
2693,20,00,3,873
2695,20,00,3,872
2697,20,00,3,873
2699,20,00,3,872
2701,20,00,3,872
2703,20,00,3,872
2705,20,00,3,872
2707,20,00,3,872
2709,20,00,3,872
2711,20,00,3,871
2713,20,00,3,871
2715,20,00,3,871
2717,20,00,3,870
2719,20,00,3,870
2721,20,00,3,871
2723,20,00,3,870
2725,20,00,3,870
2727,20,00,3,869
2729,20,00,3,870
2731,20,00,3,869
2733,20,00,3,870
2735,20,00,3,869
2737,20,00,3,869
2739,20,00,3,868
2741,20,00,3,869
2743,20,00,3,869
2745,20,00,3,868
2747,20,00,3,868
2749,20,00,3,868
2751,20,00,3,868
2753,20,00,3,868
2755,20,00,3,868
2757,20,00,3,868
2759,20,00,3,868
2761,20,00,3,867
2763,20,00,3,867
2765,20,00,3,867
2767,20,00,3,866
2769,20,00,3,867
2771,20,00,3,867
2773,20,00,3,866
2775,20,00,3,866
2777,20,00,3,866
2779,20,00,3,866
2781,20,00,3,866
2783,20,00,3,866
2785,20,00,3,866
2787,20,00,3,866
2789,20,00,3,866
2791,20,00,3,866
2793,20,00,3,865
2795,20,00,3,865
2797,20,00,3,865
2799,20,00,3,865
2801,20,00,3,865
2803,20,00,3,864
2805,20,00,3,864
2807,20,00,3,864
2809,20,00,3,864
2811,20,00,3,864
2813,20,00,3,863
2815,20,00,3,863
2817,20,00,3,863
2819,20,00,3,863
2821,20,00,3,863
2823,20,00,3,863
2825,20,00,3,862
2827,20,00,3,863
2829,20,00,3,863
2831,20,00,3,862
2833,20,00,3,861
2835,20,00,3,862
2837,20,00,3,862
2839,20,00,3,861
2841,20,00,3,861
2843,20,00,3,862
2845,20,00,3,861
2847,20,00,3,861
2849,20,00,3,860
2851,20,00,3,861
2853,20,00,3,860
2855,20,00,3,860
2857,20,00,3,860
2859,20,00,3,860
2861,20,00,3,859
2863,20,00,3,860
2865,20,00,3,859
2867,20,00,3,859
2869,20,00,3,858
2871,20,00,3,859
2873,20,00,3,858
2875,20,00,3,858
2877,20,00,3,858
2879,20,00,3,858
2881,20,00,3,858
2883,20,00,3,858
2885,20,00,3,858
2887,20,00,3,858
2889,20,00,3,857
2891,20,00,3,857
2893,20,00,3,857
2895,20,00,3,857
2897,20,00,3,857
2899,20,00,3,857
2901,20,00,3,857
2903,20,00,3,856
2905,20,00,3,856
2907,20,00,3,856
2909,20,00,3,856
2911,20,00,3,856
2913,20,00,3,856
2915,20,00,3,856
2917,20,00,3,856
2919,20,00,3,856
2921,20,00,3,856
2923,20,00,3,855
2925,20,00,3,855
2927,20,00,3,855
2929,20,00,3,855
2931,20,00,3,855
2933,20,00,3,855
2935,20,00,3,854
2937,20,00,3,855
2939,20,00,3,854
2941,20,00,3,854
2943,20,00,3,854
2945,20,00,3,854
2947,20,00,3,854
2949,20,00,3,854
2951,20,00,3,853
2953,20,00,3,854
2955,20,00,3,853
2957,20,00,3,852
2959,20,00,3,852
2961,20,00,3,853
2963,20,00,3,852
2965,20,00,3,852
2967,20,00,3,852
2969,20,00,3,852
2971,20,00,3,852
2973,20,00,3,851
2975,20,00,3,851
2977,20,00,3,851
2979,20,00,3,851
2981,20,00,3,851
2983,20,00,3,851
2985,20,00,3,851
2987,20,00,3,850
2989,20,00,3,850
2991,20,00,3,850
2993,20,00,3,850
2995,20,00,3,850
2997,20,00,3,849
2999,20,00,3,849
3001,20,00,3,849
3003,20,00,3,849
3005,20,00,3,849
3007,20,00,3,849
3009,20,00,3,848
3011,20,00,3,848
3013,20,00,3,847
3015,20,00,3,847
3017,20,00,3,847
3019,20,00,3,847
3021,20,00,3,847
3023,20,00,3,848
3025,20,00,3,848
3027,20,00,3,847
3029,20,00,3,847
3031,20,00,3,846
3033,20,00,3,846
3035,20,00,3,846
3037,20,00,3,845
3039,20,00,3,845
3041,20,00,3,846
3043,20,00,3,845
3045,20,00,3,846
3047,20,00,3,846
3049,20,00,3,845
3051,20,00,3,845
3053,20,00,3,845
3055,20,00,3,845
3057,20,00,3,845
3059,20,00,3,845
3061,20,00,3,845
3063,20,00,3,844
3065,20,00,3,844
3067,20,00,3,844
3069,20,00,3,844
3071,20,00,3,844
3073,20,00,3,844
3075,20,00,3,844
3077,20,00,3,844
3079,20,00,3,844
3081,20,00,3,843
3083,20,00,3,843
3085,20,00,3,843
3087,20,00,3,843
3089,20,00,3,843
3091,20,00,3,843
3093,20,00,3,843
3095,20,00,3,842
3097,20,00,3,843
3099,20,00,3,842
3101,20,00,3,842
3103,20,00,3,841
3105,20,00,3,842
3107,20,00,3,841
3109,20,00,3,842
3111,20,00,3,840
3113,20,00,3,840
3115,20,00,3,841
3117,20,00,3,841
3119,20,00,3,840
3121,20,00,3,840
3123,20,00,3,839
3125,20,00,3,839
3127,20,00,3,839
3129,20,00,3,839
3131,20,00,3,839
3133,20,00,3,839
3135,20,00,3,839
3137,20,00,3,839
3139,20,00,3,838
3141,20,00,3,838
3143,20,00,3,838
3145,20,00,3,838
3147,20,00,3,838
3149,20,00,3,838
3151,20,00,3,837
3153,20,00,3,837
3155,20,00,3,837
3157,20,00,3,837
3159,20,00,3,836
3161,20,00,3,836
3163,20,00,3,836
3165,20,00,3,836
3167,20,00,3,836
3169,20,00,3,836
3171,20,00,3,836
3173,20,00,3,835
3175,20,00,3,835
3177,20,00,3,835
3179,20,00,3,835
3181,20,00,3,835
3183,20,00,3,834
3185,20,00,3,834
3187,20,00,3,834
3189,20,00,3,834
3191,20,00,3,834
3193,20,00,3,834
3195,20,00,3,834
3197,20,00,3,834
3199,20,00,3,834
3201,20,00,3,833
3203,20,00,3,834
3205,20,00,3,833
3207,20,00,3,834
3209,20,00,3,833
3211,20,00,3,833
3213,20,00,3,833
3215,20,00,3,833
3217,20,00,3,833
3219,20,00,3,832
3221,20,00,3,832
3223,20,00,3,832
3225,20,00,3,832
3227,20,00,3,832
3229,20,00,3,831
3231,20,00,3,832
3233,20,00,3,831
3235,20,00,3,831
3237,20,00,3,831
3239,20,00,3,831
3241,20,00,3,831
3243,20,00,3,830
3245,20,00,3,830
3247,20,00,3,829
3249,20,00,3,829
3251,20,00,3,829
3253,20,00,3,829
3255,20,00,3,829
3257,20,00,3,829
3259,20,00,3,829
3261,20,00,3,829
3263,20,00,3,829
3265,20,00,3,828
3267,20,00,3,828
3269,20,00,3,828
3271,20,00,3,828
3273,20,00,3,828
3275,20,00,3,828
3277,20,00,3,828
3279,20,00,3,827
3281,20,00,3,827
3283,20,00,3,827
3285,20,00,3,827
3287,20,00,3,826
3289,20,00,3,827
3291,20,00,3,826
3293,20,00,3,826
3295,20,00,3,825
3297,20,00,3,825
3299,20,00,3,825
3301,20,00,3,825
3303,20,00,3,826
3305,20,00,3,825
3307,20,00,3,825
3309,20,00,3,825
3311,20,00,3,825
3313,20,00,3,824
3315,20,00,3,824
3317,20,00,3,824
3319,20,00,3,824
3321,20,00,3,824
3323,20,00,3,824
3325,20,00,3,824
3327,20,00,3,824
3329,20,00,3,824
3331,20,00,3,823
3333,20,00,3,824
3335,20,00,3,824
3337,20,00,3,823
3339,20,00,3,823
3341,20,00,3,823
3343,20,00,3,822
3345,20,00,3,822
3347,20,00,3,822
3349,20,00,3,822
3351,20,00,3,822
3353,20,00,3,822
3355,20,00,3,821
3357,20,00,3,821
3359,20,00,3,821
3361,20,00,3,821
3363,20,00,3,821
3365,20,00,3,820
3367,20,00,3,821
3369,20,00,3,820
3371,20,00,3,820
3373,20,00,3,820
3375,20,00,3,819
3377,20,00,3,820
3379,20,00,3,819
3381,20,00,3,819
3383,20,00,3,819
3385,20,00,3,819
3387,20,00,3,818
3389,20,00,3,818
3391,20,00,3,818
3393,20,00,3,818
3395,20,00,3,817
3397,20,00,3,817
3399,20,00,3,817
3401,20,00,3,817
3403,20,00,3,817
3405,20,00,3,817
3407,20,00,3,817
3409,20,00,3,816
3411,20,00,3,816
3413,20,00,3,816
3415,20,00,3,816
3417,20,00,3,816
3419,20,00,3,816
3421,20,00,3,816
3423,20,00,3,815
3425,20,00,3,815
3427,20,00,3,814
3429,20,00,3,815
3431,20,00,3,814
3433,20,00,3,814
3435,20,00,3,814
3437,20,00,3,814
3439,20,00,3,814
3441,20,00,3,814
3443,20,00,3,814
3445,20,00,3,813
3447,20,00,3,813
3449,20,00,3,813
3451,20,00,3,813
3453,20,00,3,813
3455,20,00,3,813
3457,20,00,3,813
3459,20,00,3,813
3461,20,00,3,813
3463,20,00,3,812
3465,20,00,3,813
3467,20,00,3,812
3469,20,00,3,813
3471,20,00,3,812
3473,20,00,3,811
3475,20,00,3,811
3477,20,00,3,811
3479,20,00,3,811
3481,20,00,3,811
3483,20,00,3,811
3485,20,00,3,810
3487,20,00,3,811
3489,20,00,3,810
3491,20,00,3,810
3493,20,00,3,810
3495,20,00,3,810
3497,20,00,3,809
3499,20,00,3,810
3501,20,00,3,810
3503,20,00,3,808
3505,20,00,3,809
3507,20,00,3,809
3509,20,00,3,809
3511,20,00,3,808
3513,20,00,3,808
3515,20,00,3,808
3517,20,00,3,807
3519,20,00,3,807
3521,20,00,3,807
3523,20,00,3,807
3525,20,00,3,807
3527,20,00,3,807
3529,20,00,3,807
3531,20,00,3,806
3533,20,00,3,806
3535,20,00,3,806
3537,20,00,3,806
3539,20,00,3,806
3541,20,00,3,805
3543,20,00,3,805
3545,20,00,3,805
3547,20,00,3,805
3549,20,00,3,805
3551,20,00,3,804
3553,20,00,3,805
3555,20,00,3,804
3557,20,00,3,804
3559,20,00,3,803
3561,20,00,3,804
3563,20,00,3,803
3565,20,00,3,804
3567,20,00,3,803
3569,20,00,3,803
3571,20,00,3,803
3573,20,00,3,802
3575,20,00,3,802
3577,20,00,3,803
3579,20,00,3,802
3581,20,00,3,802
3583,20,00,3,802
3585,20,00,3,802
3587,20,00,3,802
3589,20,00,3,801
3591,20,00,3,801
3593,20,00,3,802
3595,20,00,3,802
3597,20,00,3,801
3599,20,00,3,801
3601,20,00,3,801
3603,20,00,3,800
3605,20,00,3,800
3607,20,00,3,800
3609,20,00,3,800
3611,20,00,3,800
3613,20,00,3,800
3615,20,00,3,800
3617,20,00,3,800
3619,20,00,3,800
3621,20,00,3,799
3623,20,00,3,799
3625,20,00,3,799
3627,20,00,3,799
3629,20,00,3,799
3631,20,00,3,799
3633,20,00,3,798
3635,20,00,3,798
3637,20,00,3,798
3639,20,00,3,798
3641,20,00,3,797
3643,20,00,3,797
3645,20,00,3,797
3647,20,00,3,797
3649,20,00,3,796
3651,20,00,3,797
3653,20,00,3,796
3655,20,00,3,796
3657,20,00,3,796
3659,20,00,3,795
3661,20,00,3,795
3663,20,00,3,796
3665,20,00,3,795
3667,20,00,3,796
3669,20,00,3,794
3671,20,00,3,795
3673,20,00,3,794
3675,20,00,3,795
3677,20,00,3,794
3679,20,00,3,794
3681,20,00,3,794
3683,20,00,3,794
3685,20,00,3,794
3687,20,00,3,793
3689,20,00,3,793
3691,20,00,3,793
3693,20,00,3,792
3695,20,00,3,792
3697,20,00,3,792
3699,20,00,3,792
3701,20,00,3,792
3703,20,00,3,792
3705,20,00,3,791
3707,20,00,3,791
3709,20,00,3,791
3711,20,00,3,791
3713,20,00,3,791
3715,20,00,3,791
3717,20,00,3,791
3719,20,00,3,791
3721,20,00,3,791
3723,20,00,3,791
3725,20,00,3,790
3727,20,00,3,790
3729,20,00,3,791
3731,20,00,3,790
3733,20,00,3,790
3735,20,00,3,790
3737,20,00,3,789
3739,20,00,3,790
3741,20,00,3,789
3743,20,00,3,789
3745,20,00,3,789
3747,20,00,3,788
3749,20,00,3,789
3751,20,00,3,788
3753,20,00,3,788
3755,20,00,3,788
3757,20,00,3,788
3759,20,00,3,787
3761,20,00,3,788
3763,20,00,3,787
3765,20,00,3,787
3767,20,00,3,787
3769,20,00,3,787
3771,20,00,3,787
3773,20,00,3,786
3775,20,00,3,786
3777,20,00,3,785
3779,20,00,3,785
3781,20,00,3,785
3783,20,00,3,785
3785,20,00,3,785
3787,20,00,3,785
3789,20,00,3,785
3791,20,00,3,784
3793,20,00,3,785
3795,20,00,3,784
3797,20,00,3,784
3799,20,00,3,784
3801,20,00,3,784
3803,20,00,3,783
3805,20,00,3,783
3807,20,00,3,783
3809,20,00,3,783
3811,20,00,3,783
3813,20,00,3,782
3815,20,00,3,782
3817,20,00,3,782
3819,20,00,3,781
3821,20,00,3,782
3823,20,00,3,781
3825,20,00,3,781
3827,20,00,3,782
3829,20,00,3,781
3831,20,00,3,781
3833,20,00,3,781
3835,20,00,3,781
3837,20,00,3,781
3839,20,00,3,781
3841,20,00,3,780
3843,20,00,3,780
3845,20,00,3,780
3847,20,00,3,780
3849,20,00,3,780
3851,20,00,3,780
3853,20,00,3,780
3855,20,00,3,780
3857,20,00,3,779
3859,20,00,3,779
3861,20,00,3,778
3863,20,00,3,778
3865,20,00,3,778
3867,20,00,3,778
3869,20,00,3,778
3871,20,00,3,778
3873,20,00,3,778
3875,20,00,3,778
3877,20,00,3,777
3879,20,00,3,777
3881,20,00,3,777
3883,20,00,3,777
3885,20,00,3,777
3887,20,00,3,777
3889,20,00,3,777
3891,20,00,3,776
3893,20,00,3,776
3895,20,00,3,775
3897,20,00,3,775
3899,20,00,3,776
3901,20,00,3,775
3903,20,00,3,775
3905,20,00,3,775
3907,20,00,3,775
3909,20,00,3,774
3911,20,00,3,774
3913,20,00,3,774
3915,20,00,3,774
3917,20,00,3,774
3919,20,00,3,773
3921,20,00,3,773
3923,20,00,3,773
3925,20,00,3,772
3927,20,00,3,772
3929,20,00,3,772
3931,20,00,3,773
3933,20,00,3,773
3935,20,00,3,772
3937,20,00,3,772
3939,20,00,3,772
3941,20,00,3,771
3943,20,00,3,771
3945,20,00,3,771
3947,20,00,3,771
3949,20,00,3,770
3951,20,00,3,770
3953,20,00,3,770
3955,20,00,3,770
3957,20,00,3,770
3959,20,00,3,770
3961,20,00,3,770
3963,20,00,3,770
3965,20,00,3,770
3967,20,00,3,770
3969,20,00,3,770
3971,20,00,3,770
3973,20,00,3,770
3975,20,00,3,770
3977,20,00,3,769
3979,20,00,3,769
3981,20,00,3,768
3983,20,00,3,769
3985,20,00,3,768
3987,20,00,3,768
3989,20,00,3,768
3991,20,00,3,768
3993,20,00,3,767
3995,20,00,3,767
3997,20,00,3,767
3999,20,00,3,767
4001,20,00,3,767
4003,20,00,3,767
4005,20,00,3,767
4007,20,00,3,766
4009,20,00,3,766
4011,20,00,3,766
4013,20,00,3,766
4015,20,00,3,765
4017,20,00,3,765
4019,20,00,3,765
4021,20,00,3,765
4023,20,00,3,765
4025,20,00,3,765
4027,20,00,3,765
4029,20,00,3,765
4031,20,00,3,764
4033,20,00,3,764
4035,20,00,3,764
4037,20,00,3,763
4039,20,00,3,763
4041,20,00,3,763
4043,20,00,3,763
4045,20,00,3,763
4047,20,00,3,763
4049,20,00,3,763
4051,20,00,3,762
4053,20,00,3,762
4055,20,00,3,762
4057,20,00,3,762
4059,20,00,3,762
4061,20,00,3,761
4063,20,00,3,761
4065,20,00,3,761
4067,20,00,3,760
4069,20,00,3,761
4071,20,00,3,760
4073,20,00,3,760
4075,20,00,3,760
4077,20,00,3,760
4079,20,00,3,759
4081,20,00,3,759
4083,20,00,3,760
4085,20,00,3,759
4087,20,00,3,759
4089,20,00,3,759
4091,20,00,3,759
4093,20,00,3,759
4095,20,00,3,759
4097,20,00,3,758
4099,20,00,3,759
4101,20,00,3,758
4103,20,00,3,758
4105,20,00,3,759
4107,20,00,3,757
4109,20,00,3,758
4111,20,00,3,758
4113,20,00,3,757
4115,20,00,3,757
4117,20,00,3,756
4119,20,00,3,757
4121,20,00,3,757
4123,20,00,3,756
4125,20,00,3,756
4127,20,00,3,756
4129,20,00,3,756
4131,20,00,3,756
4133,20,00,3,756
4135,20,00,3,756
4137,20,00,3,755
4139,20,00,3,755
4141,20,00,3,755
4143,20,00,3,755
4145,20,00,3,755
4147,20,00,3,755
4149,20,00,3,754
4151,20,00,3,755
4153,20,00,3,754
4155,20,00,3,754
4157,20,00,3,753
4159,20,00,3,754
4161,20,00,3,753
4163,20,00,3,753
4165,20,00,3,753
4167,20,00,3,752
4169,20,00,3,753
4171,20,00,3,753
4173,20,00,3,753
4175,20,00,3,752
4177,20,00,3,752
4179,20,00,3,751
4181,20,00,3,752
4183,20,00,3,751
4185,20,00,3,752
4187,20,00,3,750
4189,20,00,3,750
4191,20,00,3,751
4193,20,00,3,750
4195,20,00,3,750
4197,20,00,3,750
4199,20,00,3,750
4201,20,00,3,749
4203,20,00,3,750
4205,20,00,3,749
4207,20,00,3,749
4209,20,00,3,749
4211,20,00,3,749
4213,20,00,3,749
4215,20,00,3,748
4217,20,00,3,747
4219,20,00,3,747
4221,20,00,3,746
4223,20,00,3,746
4225,20,00,3,746
4227,20,00,3,747
4229,20,00,3,747
4231,20,00,3,746
4233,20,00,3,745
4235,20,00,3,745
4237,20,00,3,746
4239,20,00,3,745
4241,20,00,3,745
4243,20,00,3,745
4245,20,00,3,744
4247,20,00,3,745
4249,20,00,3,745
4251,20,00,3,744
4253,20,00,3,744
4255,20,00,3,744
4257,20,00,3,744
4259,20,00,3,743
4261,20,00,3,743
4263,20,00,3,743
4265,20,00,3,743
4267,20,00,3,742
4269,20,00,3,743
4271,20,00,3,742
4273,20,00,3,742
4275,20,00,3,741
4277,20,00,3,741
4279,20,00,3,741
4281,20,00,3,741
4283,20,00,3,741
4285,20,00,3,741
4287,20,00,3,741
4289,20,00,3,741
4291,20,00,3,741
4293,20,00,3,741
4295,20,00,3,741
4297,20,00,3,740
4299,20,00,3,740
4301,20,00,3,740
4303,20,00,3,740
4305,20,00,3,740
4307,20,00,3,740
4309,20,00,3,740
4311,20,00,3,740
4313,20,00,3,740
4315,20,00,3,739
4317,20,00,3,739
4319,20,00,3,739
4321,20,00,3,738
4323,20,00,3,738
4325,20,00,3,738
4327,20,00,3,739
4329,20,00,3,738
4331,20,00,3,738
4333,20,00,3,738
4335,20,00,3,738
4337,20,00,3,738
4339,20,00,3,738
4341,20,00,3,738
4343,20,00,3,737
4345,20,00,3,738
4347,20,00,3,737
4349,20,00,3,738
4351,20,00,3,737
4353,20,00,3,737
4355,20,00,3,737
4357,20,00,3,737
4359,20,00,3,736
4361,20,00,3,737
4363,20,00,3,736
4365,20,00,3,735
4367,20,00,3,736
4369,20,00,3,735
4371,20,00,3,735
4373,20,00,3,735
4375,20,00,3,735
4377,20,00,3,734
4379,20,00,3,734
4381,20,00,3,734
4383,20,00,3,734
4385,20,00,3,734
4387,20,00,3,734
4389,20,00,3,733
4391,20,00,3,733
4393,20,00,3,733
4395,20,00,3,733
4397,20,00,3,733
4399,20,00,3,733
4401,20,00,3,733
4403,20,00,3,733
4405,20,00,3,732
4407,20,00,3,732
4409,20,00,3,731
4411,20,00,3,732
4413,20,00,3,731
4415,20,00,3,731
4417,20,00,3,731
4419,20,00,3,730
4421,20,00,3,731
4423,20,00,3,730
4425,20,00,3,730
4427,20,00,3,730
4429,20,00,3,729
4431,20,00,3,730
4433,20,00,3,729
4435,20,00,3,730
4437,20,00,3,729
4439,20,00,3,729
4441,20,00,3,729
4443,20,00,3,729
4445,20,00,3,728
4447,20,00,3,729
4449,20,00,3,728
4451,20,00,3,728
4453,20,00,3,728
4455,20,00,3,727
4457,20,00,3,727
4459,20,00,3,727
4461,20,00,3,727
4463,20,00,3,727
4465,20,00,3,727
4467,20,00,3,727
4469,20,00,3,727
4471,20,00,3,727
4473,20,00,3,727
4475,20,00,3,727
4477,20,00,3,727
4479,20,00,3,727
4481,20,00,3,726
4483,20,00,3,726
4485,20,00,3,726
4487,20,00,3,726
4489,20,00,3,726
4491,20,00,3,726
4493,20,00,3,725
4495,20,00,3,725
4497,20,00,3,725
4499,20,00,3,725
4501,20,00,3,725
4503,20,00,3,724
4505,20,00,3,724
4507,20,00,3,724
4509,20,00,3,724
4511,20,00,3,724
4513,20,00,3,723
4515,20,00,3,723
4517,20,00,3,723
4519,20,00,3,722
4521,20,00,3,723
4523,20,00,3,722
4525,20,00,3,723
4527,20,00,3,722
4529,20,00,3,723
4531,20,00,3,722
4533,20,00,3,722
4535,20,00,3,721
4537,20,00,3,722
4539,20,00,3,721
4541,20,00,3,721
4543,20,00,3,721
4545,20,00,3,721
4547,20,00,3,721
4549,20,00,3,720
4551,20,00,3,720
4553,20,00,3,720
4555,20,00,3,719
4557,20,00,3,719
4559,20,00,3,719
4561,20,00,3,719
4563,20,00,3,719
4565,20,00,3,719
4567,20,00,3,719
4569,20,00,3,718
4571,20,00,3,718
4573,20,00,3,718
4575,20,00,3,718
4577,20,00,3,717
4579,20,00,3,717
4581,20,00,3,717
4583,20,00,3,717
4585,20,00,3,717
4587,20,00,3,717
4589,20,00,3,717
4591,20,00,3,717
4593,20,00,3,717
4595,20,00,3,717
4597,20,00,3,716
4599,20,00,3,716
4601,20,00,3,716
4603,20,00,3,715
4605,20,00,3,715
4607,20,00,3,715
4609,20,00,3,715
4611,20,00,3,715
4613,20,00,3,714
4615,20,00,3,715
4617,20,00,3,715
4619,20,00,3,714
4621,20,00,3,714
4623,20,00,3,714
4625,20,00,3,714
4627,20,00,3,714
4629,20,00,3,714
4631,20,00,3,714
4633,20,00,3,713
4635,20,00,3,713
4637,20,00,3,712
4639,20,00,3,713
4641,20,00,3,712
4643,20,00,3,712
4645,20,00,3,712
4647,20,00,3,712
4649,20,00,3,712
4651,20,00,3,712
4653,20,00,3,712
4655,20,00,3,712
4657,20,00,3,711
4659,20,00,3,711
4661,20,00,3,711
4663,20,00,3,711
4665,20,00,3,711
4667,20,00,3,711
4669,20,00,3,711
4671,20,00,3,711
4673,20,00,3,711
4675,20,00,3,710
4677,20,00,3,710
4679,20,00,3,710
4681,20,00,3,709
4683,20,00,3,709
4685,20,00,3,708
4687,20,00,3,709
4689,20,00,3,709
4691,20,00,3,708
4693,20,00,3,709
4695,20,00,3,708
4697,20,00,3,707
4699,20,00,3,707
4701,20,00,3,707
4703,20,00,3,708
4705,20,00,3,706
4707,20,00,3,706
4709,20,00,3,707
4711,20,00,3,707
4713,20,00,3,707
4715,20,00,3,706
4717,20,00,3,706
4719,20,00,3,706
4721,20,00,3,706
4723,20,00,3,706
4725,20,00,3,706
4727,20,00,3,705
4729,20,00,3,706
4731,20,00,3,705
4733,20,00,3,705
4735,20,00,3,705
4737,20,00,3,705
4739,20,00,3,705
4741,20,00,3,705
4743,20,00,3,704
4745,20,00,3,704
4747,20,00,3,704
4749,20,00,3,704
4751,20,00,3,704
4753,20,00,3,704
4755,20,00,3,703
4757,20,00,3,703
4759,20,00,3,703
4761,20,00,3,702
4763,20,00,3,702
4765,20,00,3,702
4767,20,00,3,702
4769,20,00,3,701
4771,20,00,3,702
4773,20,00,3,701
4775,20,00,3,701
4777,20,00,3,701
4779,20,00,3,701
4781,20,00,3,701
4783,20,00,3,700
4785,20,00,3,700
4787,20,00,3,701
4789,20,00,3,700
4791,20,00,3,700
4793,20,00,3,700
4795,20,00,3,700
4797,20,00,3,699
4799,20,00,3,699
4801,20,00,3,699
4803,20,00,3,699
4805,20,00,3,698
4807,20,00,3,698
4809,20,00,3,698
4811,20,00,3,698
4813,20,00,3,698
4815,20,00,3,697
4817,20,00,3,697
4819,20,00,3,697
4821,20,00,3,697
4823,20,00,3,697
4825,20,00,3,697
4827,20,00,3,697
4829,20,00,3,697
4831,20,00,3,697
4833,20,00,3,696
4835,20,00,3,696
4837,20,00,3,696
4839,20,00,3,696
4841,20,00,3,696
4843,20,00,3,695
4845,20,00,3,695
4847,20,00,3,695
4849,20,00,3,695
4851,20,00,3,695
4853,20,00,3,695
4855,20,00,3,695
4857,20,00,3,694
4859,20,00,3,695
4861,20,00,3,694
4863,20,00,3,694
4865,20,00,3,694
4867,20,00,3,694
4869,20,00,3,694
4871,20,00,3,694
4873,20,00,3,693
4875,20,00,3,693
4877,20,00,3,693
4879,20,00,3,693
4881,20,00,3,693
4883,20,00,3,692
4885,20,00,3,693
4887,20,00,3,693
4889,20,00,3,692
4891,20,00,3,691
4893,20,00,3,691
4895,20,00,3,691
4897,20,00,3,691
4899,20,00,3,691
4901,20,00,3,690
4903,20,00,3,690
4905,20,00,3,690
4907,20,00,3,690
4909,20,00,3,690
4911,20,00,3,689
4913,20,00,3,689
4915,20,00,3,689
4917,20,00,3,689
4919,20,00,3,688
4921,20,00,3,689
4923,20,00,3,687
4925,20,00,3,687
4927,20,00,3,687
4929,20,00,3,687
4931,20,00,3,687
4933,20,00,3,687
4935,20,00,3,687
4937,20,00,3,687
4939,20,00,3,686
4941,20,00,3,686
4943,20,00,3,686
4945,20,00,3,686
4947,20,00,3,686
4949,20,00,3,685
4951,20,00,3,684
4953,20,00,3,685
4955,20,00,3,685
4957,20,00,3,685
4959,20,00,3,685
4961,20,00,3,684
4963,20,00,3,684
4965,20,00,3,684
4967,20,00,3,684
4969,20,00,3,684
4971,20,00,3,684
4973,20,00,3,684
4975,20,00,3,683
4977,20,00,3,683
4979,20,00,3,683
4981,20,00,3,683
4983,20,00,3,683
4985,20,00,3,683
4987,20,00,3,683
4989,20,00,3,683
4991,20,00,3,683
4993,20,00,3,682
4995,20,00,3,682
4997,20,00,3,682
4999,20,00,3,682
5001,20,00,3,682
5003,20,00,3,682
5005,20,00,3,682
5007,20,00,3,682
5009,20,00,3,681
5011,20,00,3,681
5013,20,00,3,681
5015,20,00,3,680
5017,20,00,3,681
5019,20,00,3,680
5021,20,00,3,680
5023,20,00,3,679
5025,20,00,3,680
5027,20,00,3,680
5029,20,00,3,679
5031,20,00,3,679
5033,20,00,3,678
5035,20,00,3,678
5037,20,00,3,678
5039,20,00,3,678
5041,20,00,3,678
5043,20,00,3,678
5045,20,00,3,678
5047,20,00,3,677
5049,20,00,3,678
5051,20,00,3,677
5053,20,00,3,677
5055,20,00,3,676
5057,20,00,3,677
5059,20,00,3,676
5061,20,00,3,676
5063,20,00,3,676
5065,20,00,3,675
5067,20,00,3,675
5069,20,00,3,675
5071,20,00,3,675
5073,20,00,3,675
5075,20,00,3,674
5077,20,00,3,674
5079,20,00,3,674
5081,20,00,3,674
5083,20,00,3,674
5085,20,00,3,674
5087,20,00,3,674
5089,20,00,3,674
5091,20,00,3,673
5093,20,00,3,673
5095,20,00,3,673
5097,20,00,3,673
5099,20,00,3,672
5101,20,00,3,672
5103,20,00,3,673
5105,20,00,3,673
5107,20,00,3,672
5109,20,00,3,672
5111,20,00,3,672
5113,20,00,3,671
5115,20,00,3,671
5117,20,00,3,671
5119,20,00,3,671
5121,20,00,3,670
5123,20,00,3,671
5125,20,00,3,670
5127,20,00,3,670
5129,20,00,3,670
5131,20,00,3,669
5133,20,00,3,669
5135,20,00,3,669
5137,20,00,3,669
5139,20,00,3,668
5141,20,00,3,668
5143,20,00,3,668
5145,20,00,3,668
5147,20,00,3,668
5149,20,00,3,668
5151,20,00,3,668
5153,20,00,3,667
5155,20,00,3,667
5157,20,00,3,667
5159,20,00,3,667
5161,20,00,3,667
5163,20,00,3,667
5165,20,00,3,666
5167,20,00,3,666
5169,20,00,3,666
5171,20,00,3,665
5173,20,00,3,665
5175,20,00,3,664
5177,20,00,3,665
5179,20,00,3,664
5181,20,00,3,665
5183,20,00,3,664
5185,20,00,3,663
5187,20,00,3,664
5189,20,00,3,664
5191,20,00,3,664
5193,20,00,3,663
5195,20,00,3,663
5197,20,00,3,663
5199,20,00,3,663
5201,20,00,3,663
5203,20,00,3,663
5205,20,00,3,662
5207,20,00,3,662
5209,20,00,3,662
5211,20,00,3,662
5213,20,00,3,661
5215,20,00,3,661
5217,20,00,3,661
5219,20,00,3,661
5221,20,00,3,660
5223,20,00,3,660
5225,20,00,3,660
5227,20,00,3,660
5229,20,00,3,660
5231,20,00,3,659
5233,20,00,3,658
5235,20,00,3,659
5237,20,00,3,659
5239,20,00,3,658
5241,20,00,3,657
5243,20,00,3,658
5245,20,00,3,658
5247,20,00,3,658
5249,20,00,3,657
5251,20,00,3,657
5253,20,00,3,657
5255,20,00,3,657
5257,20,00,3,656
5259,20,00,3,656
5261,20,00,3,656
5263,20,00,3,656
5265,20,00,3,655
5267,20,00,3,655
5269,20,00,3,655
5271,20,00,3,654
5273,20,00,3,654
5275,20,00,3,654
5277,20,00,3,653
5279,20,00,3,653
5281,20,00,3,653
5283,20,00,3,653
5285,20,00,3,653
5287,20,00,3,653
5289,20,00,3,652
5291,20,00,3,652
5293,20,00,3,652
5295,20,00,3,652
5297,20,00,3,652
5299,20,00,3,652
5301,20,00,3,652
5303,20,00,3,652
5305,20,00,3,651
5307,20,00,3,651
5309,20,00,3,651
5311,20,00,3,650
5313,20,00,3,650
5315,20,00,3,650
5317,20,00,3,649
5319,20,00,3,650
5321,20,00,3,650
5323,20,00,3,649
5325,20,00,3,649
5327,20,00,3,649
5329,20,00,3,649
5331,20,00,3,649
5333,20,00,3,648
5335,20,00,3,648
5337,20,00,3,647
5339,20,00,3,647
5341,20,00,3,646
5343,20,00,3,646
5345,20,00,3,646
5347,20,00,3,646
5349,20,00,3,646
5351,20,00,3,645
5353,20,00,3,645
5355,20,00,3,645
5357,20,00,3,645
5359,20,00,3,644
5361,20,00,3,644
5363,20,00,3,643
5365,20,00,3,643
5367,20,00,3,643
5369,20,00,3,643
5371,20,00,3,642
5373,20,00,3,643
5375,20,00,3,642
5377,20,00,3,642
5379,20,00,3,642
5381,20,00,3,642
5383,20,00,3,642
5385,20,00,3,641
5387,20,00,3,642
5389,20,00,3,641
5391,20,00,3,641
5393,20,00,3,641
5395,20,00,3,640
5397,20,00,3,640
5399,20,00,3,639
5401,20,00,3,639
5403,20,00,3,639
5405,20,00,3,639
5407,20,00,3,638
5409,20,00,3,638
5411,20,00,3,638
5413,20,00,3,638
5415,20,00,3,638
5417,20,00,3,638
5419,20,00,3,637
5421,20,00,3,636
5423,20,00,3,636
5425,20,00,3,635
5427,20,00,3,636
5429,20,00,3,635
5431,20,00,3,634
5433,20,00,3,635
5435,20,00,3,635
5437,20,00,3,634
5439,20,00,3,634
5441,20,00,3,633
5443,20,00,3,633
5445,20,00,3,633
5447,20,00,3,632
5449,20,00,3,632
5451,20,00,3,631
5453,20,00,3,631
5455,20,00,3,631
5457,20,00,3,631
5459,20,00,3,630
5461,20,00,3,630
5463,20,00,3,630
5465,20,00,3,629
5467,20,00,3,628
5469,20,00,3,628
5471,20,00,3,628
5473,20,00,3,628
5475,20,00,3,628
5477,20,00,3,627
5479,20,00,3,626
5481,20,00,3,626
5483,20,00,3,627
5485,20,00,3,626
5487,20,00,3,626
5489,20,00,3,625
5491,20,00,3,624
5493,20,00,3,624
5495,20,00,3,624
5497,20,00,3,624
5499,20,00,3,624
5501,20,00,3,623
5503,20,00,3,623
5505,20,00,3,623
5507,20,00,3,623
5509,20,00,3,623
5511,20,00,3,623
5513,20,00,3,622
5515,20,00,3,622
5517,20,00,3,621
5519,20,00,3,621
5521,20,00,3,620
5523,20,00,3,620
5525,20,00,3,620
5527,20,00,3,620
5529,20,00,3,620
5531,20,00,3,619
5533,20,00,3,619
5535,20,00,3,619
5537,20,00,3,618
5539,20,00,3,618
5541,20,00,3,617
5543,20,00,3,617
5545,20,00,3,617
5547,20,00,3,616
5549,20,00,3,616
5551,20,00,3,615
5553,20,00,3,615
5555,20,00,3,614
5557,20,00,3,614
5559,20,00,3,613
5561,20,00,3,613
5563,20,00,3,612
5565,20,00,3,613
5567,20,00,3,611
5569,20,00,3,612
5571,20,00,3,611
5573,20,00,3,611
5575,20,00,3,610
5577,20,00,3,610
5579,20,00,3,610
5581,20,00,3,610
5583,20,00,3,610
5585,20,00,3,610
5587,20,00,3,609
5589,20,00,3,609
5591,20,00,3,608
5593,20,00,3,607
5595,20,00,3,607
5597,20,00,3,607
5599,20,00,3,606
5601,20,00,3,606
5603,20,00,3,606
5605,20,00,3,604
5607,20,00,3,604
5609,20,00,3,604
5611,20,00,3,603
5613,20,00,3,603
5615,20,00,3,602
5617,20,00,3,602
5619,20,00,3,601
5621,20,00,3,601
5623,20,00,3,600
5625,20,00,3,599
5627,20,00,3,599
5629,20,00,3,599
5631,20,00,3,599
5633,20,00,3,599
5635,20,00,3,598
5637,20,00,3,598
5639,20,00,3,596
5641,20,00,3,596
5643,20,00,3,596
5645,20,00,3,595
5647,20,00,3,595
5649,20,00,3,595
5651,20,00,3,595
5653,20,00,3,594
5655,20,00,3,594
5657,20,00,3,594
5659,20,00,3,592
5661,20,00,3,592
5663,20,00,3,591
5665,20,00,3,590
5667,20,00,3,590
5669,20,00,3,590
5671,20,00,3,590
5673,20,00,3,589
5675,20,00,3,588
5677,20,00,3,588
5679,20,00,3,588
5681,20,00,3,587
5683,20,00,3,587
5685,20,00,3,586
5687,20,00,3,585
5689,20,00,3,585
5691,20,00,3,585
5693,20,00,3,584
5695,20,00,3,583
5697,20,00,3,583
5699,20,00,3,583
5701,20,00,3,582
5703,20,00,3,581
5705,20,00,3,580
5707,20,00,3,580
5709,20,00,3,579
5711,20,00,3,579
5713,20,00,3,579
5715,20,00,3,577
5717,20,00,3,577
5719,20,00,3,577
5721,20,00,3,577
5723,20,00,3,576
5725,20,00,3,575
5727,20,00,3,575
5729,20,00,3,574
5731,20,00,3,573
5733,20,00,3,573
5735,20,00,3,572
5737,20,00,3,571
5739,20,00,3,570
5741,20,00,3,570
5743,20,00,3,569
5745,20,00,3,568
5747,20,00,3,568
5749,20,00,3,568
5751,20,00,3,567
5753,20,00,3,566
5755,20,00,3,566
5757,20,00,3,566
5759,20,00,3,565
5761,20,00,3,565
5763,20,00,3,564
5765,20,00,3,564
5767,20,00,3,563
5769,20,00,3,562
5771,20,00,3,562
5773,20,00,3,561
5775,20,00,3,560
5777,20,00,3,559
5779,20,00,3,558
5781,20,00,3,558
5783,20,00,3,557
5785,20,00,3,556
5787,20,00,3,556
5789,20,00,3,555
5791,20,00,3,555
5793,20,00,3,555
5795,20,00,3,554
5797,20,00,3,553
5799,20,00,3,552
5801,20,00,3,551
5803,20,00,3,551
5805,20,00,3,550
5807,20,00,3,549
5809,20,00,3,548
5811,20,00,3,548
5813,20,00,3,546
5815,20,00,3,547
5817,20,00,3,545
5819,20,00,3,545
5821,20,00,3,544
5823,20,00,3,544
5825,20,00,3,543
5827,20,00,3,542
5829,20,00,3,541
5831,20,00,3,540
5833,20,00,3,539
5835,20,00,3,539
5837,20,00,3,538
5839,20,00,3,537
5841,20,00,3,536
5843,20,00,3,536
5845,20,00,3,535
5847,20,00,3,535
5849,20,00,3,534
5851,20,00,3,533
5853,20,00,3,533
5855,20,00,3,532
5857,20,00,3,530
5859,20,00,3,530
5861,20,00,3,529
5863,20,00,3,528
5865,20,00,3,527
5867,20,00,3,526
5869,20,00,3,526
5871,20,00,3,524
5873,20,00,3,524
5875,20,00,3,523
5877,20,00,3,522
5879,20,00,3,522
5881,20,00,3,521
5883,20,00,3,520
5885,20,00,3,519
5887,20,00,3,518
5889,20,00,3,517
5891,20,00,3,516
5893,20,00,3,515
5895,20,00,3,513
5897,20,00,3,513
5899,20,00,3,512
5901,20,00,3,510
5903,20,00,3,510
5905,20,00,3,509
5907,20,00,3,507
5909,20,00,3,507
5911,20,00,3,507
5913,20,00,3,506
5915,20,00,3,505
5917,20,00,3,505
5919,20,00,3,503
5921,20,00,3,503
5923,20,00,3,502
5925,20,00,3,501
5927,20,00,3,500
5929,20,00,3,499
5931,20,00,3,497
5933,20,00,3,497
5935,20,00,3,496
5937,20,00,3,494
5939,20,00,3,493
5941,20,00,3,492
5943,20,00,3,492
5945,20,00,3,491
5947,20,00,3,489
5949,20,00,3,489
5951,20,00,3,487
5953,20,00,3,487
5955,20,00,3,485
5957,20,00,3,484
5959,20,00,3,482
5961,20,00,3,481
5963,20,00,3,481
5965,20,00,3,480
5967,20,00,3,479
5969,20,00,3,478
5971,20,00,3,477
5973,20,00,3,475
5975,20,00,3,474
5977,20,00,3,473
5979,20,00,3,472
5981,20,00,3,470
5983,20,00,3,470
5985,20,00,3,469
5987,20,00,3,467
5989,20,00,3,466
5991,20,00,3,465
5993,20,00,3,464
5995,20,00,3,463
5997,20,00,3,462
5999,20,00,3,460
6001,20,00,3,459
6003,20,00,3,458
6005,20,00,3,457
6007,20,00,3,455
6009,20,00,3,453
6011,20,00,3,452
6013,20,00,3,451
6015,20,00,3,449
6017,20,00,3,449
6019,20,00,3,448
6021,20,00,3,447
6023,20,00,3,446
6025,20,00,3,444
6027,20,00,3,443
6029,20,00,3,441
6031,20,00,3,440
6033,20,00,3,438
6035,20,00,3,438
6037,20,00,3,436
6039,20,00,3,434
6041,20,00,3,434
6043,20,00,3,432
6045,20,00,3,430
6047,20,00,3,429
6049,20,00,3,428
6051,20,00,3,427
6053,20,00,3,424
6055,20,00,3,422
6057,20,00,3,422
6059,20,00,3,420
6061,20,00,3,419
6063,20,00,3,417
6065,20,00,3,417
6067,20,00,3,415
6069,20,00,3,413
6071,20,00,3,411
6073,20,00,3,410
6075,20,00,3,408
6077,20,00,3,407
6079,20,00,3,406
6081,20,00,3,404
6083,20,00,3,403
6085,20,00,3,400
6087,20,00,3,399
6089,20,00,3,397
6091,20,00,3,395
6093,20,00,3,394
6095,20,00,3,392
6097,20,00,3,390
6099,20,00,3,389
6101,20,00,3,387
6103,20,00,3,386
6105,20,00,3,385
6107,20,00,3,383
6109,20,00,3,381
6111,20,00,3,378
6113,20,00,3,377
6115,20,00,3,375
6117,20,00,3,374
6119,20,00,3,373
6121,20,00,3,371
6123,20,00,3,368
6125,20,00,3,367
6127,20,00,3,364
6129,20,00,3,363
6131,20,00,3,361
6133,20,00,3,360
6135,20,00,3,357
6137,20,00,3,356
6139,20,00,3,353
6141,20,00,3,352
6143,20,00,3,350
6145,20,00,3,348
6147,20,00,3,346
6149,20,00,3,344
6151,20,00,3,342
6153,20,00,3,341
6155,20,00,3,338
6157,20,00,3,335
6159,20,00,3,333
6161,20,00,3,331
6163,20,00,3,331
6165,20,00,3,329
6167,20,00,3,326
6169,20,00,3,324
6171,20,00,3,321
6173,20,00,3,320
6175,20,00,3,317
6177,20,00,3,315
6179,20,00,3,312
6181,20,00,3,310
6183,20,00,3,309
6185,20,00,3,306
6187,20,00,3,303
6189,20,00,3,301
6191,20,00,3,299
6193,20,00,3,297
6195,20,00,3,295
6197,20,00,3,293
6199,20,00,3,289
6201,20,00,3,288
6203,20,00,3,285
6205,20,00,3,283
6207,20,00,3,279
6209,20,00,3,276
6211,20,00,3,274
6213,20,00,3,272
6215,20,00,3,270
6217,20,00,3,268
6219,20,00,3,266
6221,20,00,3,263
6223,20,00,3,260
6225,20,00,3,257
6227,20,00,3,255
6229,20,00,3,252
6231,20,00,3,250
6233,20,00,3,246
6235,20,00,3,244
6237,20,00,3,241
6239,20,00,3,239
6241,20,00,3,235
6243,20,00,3,234
6245,20,00,3,229
6247,20,00,3,227
6249,20,00,3,224
6251,20,00,3,221
6253,20,00,3,217
6255,20,00,3,214
6257,20,00,3,212
6259,20,00,3,209
6261,20,00,3,206
6263,20,00,3,203
6265,20,00,3,200
6267,20,00,3,196
6269,20,00,3,193
6271,20,00,3,190
6273,20,00,3,186
6275,20,00,3,183
6277,20,00,3,180
6279,20,00,3,177
6281,20,00,3,173
6283,20,00,3,170
6285,20,00,3,167
6287,20,00,3,162
6289,20,00,3,159
6291,20,00,3,155
6293,20,00,3,151
6295,20,00,3,148
6297,20,00,3,144
6299,20,00,3,140
6301,20,00,3,137
6303,20,00,3,132
6305,20,00,3,128
6307,20,00,3,124
6309,20,00,3,120
6311,20,00,3,116
6313,20,00,3,112
6315,20,00,3,107
6317,20,00,3,104
6319,20,00,3,099
6321,20,00,3,096
6323,20,00,3,091
6325,20,00,3,086
6327,20,00,3,083
6329,20,00,3,077
6331,20,00,3,073
6333,20,00,3,068
6335,20,00,3,064
6337,20,00,3,060
6339,20,00,3,055
6341,20,00,3,051
6343,20,00,3,046
6345,20,00,3,040
6347,20,00,3,036
6349,20,00,3,032
6351,20,00,3,027
6353,20,00,3,023
6355,20,00,3,018
6357,20,00,3,012
6359,20,00,3,009
6361,20,00,3,002
6363,20,00,2,997
6365,20,00,2,994
6367,20,00,2,988
6369,20,00,2,983
6371,20,00,2,978
6373,20,00,2,973
6375,20,00,2,968
6377,20,00,2,964
6379,20,00,2,958
6381,20,00,2,953
6383,20,00,2,947
6385,20,00,2,944
6387,20,00,2,938
6389,20,00,2,934
6391,20,00,2,928
6393,20,00,2,922
6395,20,00,2,917
6397,20,00,2,913
6399,20,00,2,907
6401,20,00,2,903
6403,20,00,2,897
6405,20,00,2,892
6407,20,00,2,887
6409,20,00,2,882
6411,20,00,2,877
6413,20,00,2,871
6415,20,00,2,866
6417,20,00,2,861
6419,20,00,2,856
6421,20,00,2,850
6423,20,00,2,845
6425,20,00,2,840
6427,20,00,2,834
6429,20,00,2,830
6431,20,00,2,824
6433,20,00,2,819
6435,20,00,2,814
6437,20,00,2,807
6439,20,00,2,804
6440,20,00,2,800
6440,20,00,2,800
6442,0,00,2,871
6444,0,00,2,885
6446,0,00,2,893
6448,0,00,2,900
6450,0,00,2,907
6452,0,00,2,914
6454,0,00,2,922
6456,0,00,2,929
6458,0,00,2,935
6460,0,00,2,936
6462,0,00,2,944
6464,0,00,2,950
6466,0,00,2,951
6468,0,00,2,958
6470,0,00,2,963
6472,0,00,2,966
6474,0,00,2,972
6476,0,00,2,973
6478,0,00,2,979
6480,0,00,2,980
6482,0,00,2,987
6484,0,00,2,988
6486,0,00,2,994
6488,0,00,2,995
6490,0,00,3,001
6492,0,00,3,002
6494,0,00,3,009
6496,0,00,3,010
6498,0,00,3,015
6500,0,00,3,017
6502,0,00,3,018
6504,0,00,3,024
6506,0,00,3,024
6508,0,00,3,031
6510,0,00,3,032
6512,0,00,3,036
6514,0,00,3,039
6516,0,00,3,039
6518,0,00,3,043
6520,0,00,3,046
6522,0,00,3,047
6524,0,00,3,053
6526,0,00,3,053
6528,0,00,3,057
6530,0,00,3,061
6532,0,00,3,061
6534,0,00,3,067
6536,0,00,3,068
6538,0,00,3,068
6540,0,00,3,074
6542,0,00,3,075
6544,0,00,3,075
6546,0,00,3,082
6548,0,00,3,083
6550,0,00,3,083
6552,0,00,3,089
6554,0,00,3,090
6556,0,00,3,090
6558,0,00,3,095
6560,0,00,3,097
6562,0,00,3,097
6564,0,00,3,097
6566,0,00,3,104
6568,0,00,3,105
6570,0,00,3,105
6572,0,00,3,111
6574,0,00,3,112
6576,0,00,3,112
6578,0,00,3,114
6580,0,00,3,118
6582,0,00,3,119
6584,0,00,3,119
6586,0,00,3,126
6588,0,00,3,127
6590,0,00,3,127
6592,0,00,3,127
6594,0,00,3,133
6596,0,00,3,134
6598,0,00,3,134
6600,0,00,3,135
6602,0,00,3,140
6604,0,00,3,141
6606,0,00,3,141
6608,0,00,3,141
6610,0,00,3,148
6612,0,00,3,149
6614,0,00,3,149
6616,0,00,3,149
6618,0,00,3,155
6620,0,00,3,156
6622,0,00,3,156
6624,0,00,3,156
6626,0,00,3,157
6628,0,00,3,162
6630,0,00,3,163
6632,0,00,3,163
6634,0,00,3,166
6636,0,00,3,170
6638,0,00,3,171
6640,0,00,3,171
6642,0,00,3,171
6644,0,00,3,176
6646,0,00,3,177
6648,0,00,3,178
6650,0,00,3,178
6652,0,00,3,178
6654,0,00,3,184
6656,0,00,3,184
6658,0,00,3,185
6660,0,00,3,185
6662,0,00,3,185
6664,0,00,3,191
6666,0,00,3,192
6668,0,00,3,192
6670,0,00,3,192
6672,0,00,3,192
6674,0,00,3,199
6676,0,00,3,199
6678,0,00,3,200
6680,0,00,3,200
6682,0,00,3,200
6684,0,00,3,203
6686,0,00,3,206
6688,0,00,3,206
6690,0,00,3,207
6692,0,00,3,207
6694,0,00,3,207
6696,0,00,3,214
6698,0,00,3,214
6700,0,00,3,214
6702,0,00,3,214
6704,0,00,3,214
6706,0,00,3,214
6708,0,00,3,217
6710,0,00,3,221
6712,0,00,3,222
6714,0,00,3,222
6716,0,00,3,222
6718,0,00,3,222
6720,0,00,3,227
6722,0,00,3,228
6724,0,00,3,229
6726,0,00,3,229
6728,0,00,3,229
6730,0,00,3,229
6732,0,00,3,230
6734,0,00,3,235
6736,0,00,3,235
6738,0,00,3,236
6740,0,00,3,236
6742,0,00,3,236
6744,0,00,3,236
6746,0,00,3,241
6748,0,00,3,243
6750,0,00,3,243
6752,0,00,3,244
6754,0,00,3,244
6756,0,00,3,244
6758,0,00,3,244
6760,0,00,3,246
6762,0,00,3,250
6764,0,00,3,250
6766,0,00,3,251
6768,0,00,3,251
6770,0,00,3,251
6772,0,00,3,251
6774,0,00,3,253
6776,0,00,3,257
6778,0,00,3,257
6780,0,00,3,258
6782,0,00,3,258
6784,0,00,3,258
6786,0,00,3,258
6788,0,00,3,258
6790,0,00,3,260
6792,0,00,3,265
6794,0,00,3,265
6796,0,00,3,265
6798,0,00,3,266
6800,0,00,3,266
6802,0,00,3,266
6804,0,00,3,266
6806,0,00,3,267
6808,0,00,3,272
6810,0,00,3,272
6812,0,00,3,272
6814,0,00,3,273
6816,0,00,3,273
6818,0,00,3,273
6820,0,00,3,273
6822,0,00,3,273
6824,0,00,3,273
6826,0,00,3,273
6828,0,00,3,275
6830,0,00,3,279
6832,0,00,3,280
6834,0,00,3,280
6836,0,00,3,280
6838,0,00,3,280
6840,0,00,3,280
6842,0,00,3,283
6844,0,00,3,287
6846,0,00,3,287
6848,0,00,3,287
6850,0,00,3,288
6852,0,00,3,288
6854,0,00,3,288
6856,0,00,3,288
6858,0,00,3,288
6860,0,00,3,288
6862,0,00,3,290
6864,0,00,3,294
6866,0,00,3,294
6868,0,00,3,294
6870,0,00,3,295
6872,0,00,3,295
6874,0,00,3,295
6876,0,00,3,295
6878,0,00,3,295
6880,0,00,3,295
6882,0,00,3,299
6884,0,00,3,301
6886,0,00,3,301
6888,0,00,3,301
6890,0,00,3,301
6892,0,00,3,302
6894,0,00,3,302
6896,0,00,3,302
6898,0,00,3,302
6900,0,00,3,302
6902,0,00,3,302
6904,0,00,3,306
6906,0,00,3,309
6908,0,00,3,309
6910,0,00,3,309
6912,0,00,3,310
6914,0,00,3,310
6916,0,00,3,310
6918,0,00,3,310
6920,0,00,3,310
6922,0,00,3,310
6924,0,00,3,310
6926,0,00,3,314
6928,0,00,3,316
6930,0,00,3,316
6932,0,00,3,316
6934,0,00,3,317
6936,0,00,3,317
6938,0,00,3,317
6940,0,00,3,317
6942,0,00,3,317
6944,0,00,3,317
6946,0,00,3,317
6948,0,00,3,319
6950,0,00,3,322
6952,0,00,3,323
6954,0,00,3,323
6956,0,00,3,324
6958,0,00,3,324
6960,0,00,3,324
6962,0,00,3,324
6964,0,00,3,324
6966,0,00,3,324
6968,0,00,3,324
6970,0,00,3,324
6972,0,00,3,326
6974,0,00,3,330
6976,0,00,3,331
6978,0,00,3,331
6980,0,00,3,331
6982,0,00,3,331
6984,0,00,3,331
6986,0,00,3,331
6988,0,00,3,331
6990,0,00,3,331
6992,0,00,3,331
6994,0,00,3,331
6996,0,00,3,331
6998,0,00,3,331
7000,0,00,3,334
7002,0,00,3,337
7004,0,00,3,338
7006,0,00,3,338
7008,0,00,3,339
7010,0,00,3,339
7012,0,00,3,339
7014,0,00,3,339
7016,0,00,3,339
7018,0,00,3,339
7020,0,00,3,339
7022,0,00,3,339
7024,0,00,3,340
7026,0,00,3,343
7028,0,00,3,345
7030,0,00,3,345
7032,0,00,3,345
7034,0,00,3,345
7036,0,00,3,346
7038,0,00,3,346
7040,0,00,3,346
7042,0,00,3,346
7044,0,00,3,346
7046,0,00,3,346
7048,0,00,3,346
7050,0,00,3,346
7052,0,00,3,346
7053,0,00,3,349
7054,0,00,3,350
7054,0,00,3,350
7056,0,00,3,353
7058,20,00,3,409
7060,20,00,3,417
7062,20,00,3,419
7064,20,00,3,427
7066,20,00,3,434
7068,20,00,3,440
7070,20,00,3,441
7072,20,00,3,449
7074,20,00,3,456
7076,20,00,3,460
7078,20,00,3,463
7080,20,00,3,470
7082,20,00,3,470
7084,20,00,3,478
7086,20,00,3,484
7088,20,00,3,485
7090,20,00,3,492
7092,20,00,3,496
7094,20,00,3,500
7096,20,00,3,506
7098,20,00,3,507
7100,20,00,3,513
7102,20,00,3,514
7104,20,00,3,522
7106,20,00,3,522
7108,20,00,3,529
7110,20,00,3,530
7112,20,00,3,536
7114,20,00,3,536
7116,20,00,3,544
7118,20,00,3,544
7120,20,00,3,551
7122,20,00,3,551
7124,20,00,3,558
7126,20,00,3,558
7128,20,00,3,565
7130,20,00,3,566
7132,20,00,3,572
7134,20,00,3,573
7136,20,00,3,579
7138,20,00,3,580
7140,20,00,3,582
7142,20,00,3,588
7144,20,00,3,588
7146,20,00,3,594
7148,20,00,3,595
7150,20,00,3,598
7152,20,00,3,602
7154,20,00,3,602
7156,20,00,3,609
7158,20,00,3,610
7160,20,00,3,613
7162,20,00,3,617
7164,20,00,3,617
7166,20,00,3,623
7168,20,00,3,624
7170,20,00,3,624
7172,20,00,3,631
7174,20,00,3,631
7176,20,00,3,636
7178,20,00,3,639
7180,20,00,3,639
7182,20,00,3,644
7184,20,00,3,646
7186,20,00,3,646
7188,20,00,3,652
7190,20,00,3,653
7192,20,00,3,653
7194,20,00,3,659
7196,20,00,3,661
7198,20,00,3,661
7200,20,00,3,667
7202,20,00,3,668
7204,20,00,3,668
7206,20,00,3,674
7208,20,00,3,674
7210,20,00,3,675
7212,20,00,3,678
7214,20,00,3,682
7216,20,00,3,683
7218,20,00,3,683
7220,20,00,3,689
7222,20,00,3,690
7224,20,00,3,690
7226,20,00,3,695
7228,20,00,3,697
7230,20,00,3,697
7232,20,00,3,697
7234,20,00,3,704
7236,20,00,3,705
7238,20,00,3,705
7240,20,00,3,708
7242,20,00,3,711
7244,20,00,3,712
7246,20,00,3,712
7248,20,00,3,717
7250,20,00,3,718
7252,20,00,3,719
7254,20,00,3,719
7256,20,00,3,726
7258,20,00,3,727
7260,20,00,3,727
7262,20,00,3,727
7264,20,00,3,733
7266,20,00,3,734
7268,20,00,3,734
7270,20,00,3,735
7272,20,00,3,740
7274,20,00,3,741
7276,20,00,3,741
7278,20,00,3,741
7280,20,00,3,744
7282,20,00,3,749
7284,20,00,3,749
7286,20,00,3,750
7288,20,00,3,755
7290,20,00,3,756
7292,20,00,3,756
7294,20,00,3,756
7296,20,00,3,762
7298,20,00,3,762
7300,20,00,3,763
7302,20,00,3,763
7304,20,00,3,766
7306,20,00,3,770
7308,20,00,3,770
7310,20,00,3,770
7312,20,00,3,770
7314,20,00,3,776
7316,20,00,3,777
7318,20,00,3,778
7320,20,00,3,778
7322,20,00,3,778
7324,20,00,3,784
7326,20,00,3,784
7328,20,00,3,785
7330,20,00,3,785
7332,20,00,3,786
7334,20,00,3,791
7336,20,00,3,792
7338,20,00,3,792
7340,20,00,3,792
7342,20,00,3,792
7344,20,00,3,799
7346,20,00,3,799
7348,20,00,3,800
7350,20,00,3,800
7352,20,00,3,800
7354,20,00,3,804
7356,20,00,3,806
7358,20,00,3,807
7360,20,00,3,807
7362,20,00,3,807
7364,20,00,3,810
7366,20,00,3,813
7368,20,00,3,814
7370,20,00,3,814
7372,20,00,3,814
7374,20,00,3,814
7376,20,00,3,819
7378,20,00,3,821
7380,20,00,3,822
7382,20,00,3,822
7384,20,00,3,822
7386,20,00,3,823
7388,20,00,3,828
7390,20,00,3,828
7392,20,00,3,829
7394,20,00,3,829
7396,20,00,3,829
7398,20,00,3,829
7400,20,00,3,834
7402,20,00,3,835
7404,20,00,3,836
7406,20,00,3,836
7408,20,00,3,836
7410,20,00,3,836
7412,20,00,3,842
7414,20,00,3,843
7416,20,00,3,844
7418,20,00,3,844
7420,20,00,3,844
7422,20,00,3,844
7424,20,00,3,844
7426,20,00,3,850
7428,20,00,3,850
7430,20,00,3,850
7432,20,00,3,851
7434,20,00,3,851
7436,20,00,3,851
7438,20,00,3,852
7440,20,00,3,857
7442,20,00,3,857
7444,20,00,3,858
7446,20,00,3,858
7448,20,00,3,858
7450,20,00,3,858
7452,20,00,3,858
7454,20,00,3,860
7456,20,00,3,865
7458,20,00,3,865
7460,20,00,3,866
7462,20,00,3,866
7464,20,00,3,866
7466,20,00,3,866
7468,20,00,3,866
7470,20,00,3,867
7472,20,00,3,872
7474,20,00,3,872
7476,20,00,3,872
7478,20,00,3,873
7480,20,00,3,873
7482,20,00,3,873
7484,20,00,3,873
7486,20,00,3,873
7488,20,00,3,873
7490,20,00,3,877
7492,20,00,3,879
7494,20,00,3,879
7496,20,00,3,879
7498,20,00,3,880
7500,20,00,3,880
7502,20,00,3,880
7504,20,00,3,880
7506,20,00,3,880
7508,20,00,3,880
7510,20,00,3,881
7512,20,00,3,885
7514,20,00,3,887
7516,20,00,3,887
7518,20,00,3,887
7520,20,00,3,888
7522,20,00,3,888
7524,20,00,3,888
7526,20,00,3,888
7528,20,00,3,888
7530,20,00,3,888
7532,20,00,3,888
7534,20,00,3,888
7536,20,00,3,888
7538,20,00,3,890
7540,20,00,3,893
7542,20,00,3,894
7544,20,00,3,894
7546,20,00,3,894
7548,20,00,3,894
7550,20,00,3,900
7552,20,00,3,900
7554,20,00,3,900
7556,20,00,3,900
7558,20,00,3,900
7560,20,00,3,900
7562,20,00,3,900
7564,20,00,3,900
7566,20,00,3,900
7568,19,99,3,900
7570,19,95,3,900
7572,19,82,3,900
7574,19,67,3,900
7576,19,54,3,900
7578,19,42,3,900
7580,19,30,3,900
7582,19,18,3,900
7584,19,08,3,900
7586,18,96,3,900
7588,18,85,3,900
7590,18,76,3,900
7592,18,66,3,900
7594,18,56,3,900
7596,18,47,3,900
7598,18,39,3,900
7600,18,29,3,900
7602,18,21,3,900
7604,18,12,3,900
7606,18,04,3,900
7608,17,96,3,900
7610,17,86,3,900
7612,17,81,3,900
7614,17,74,3,900
7616,17,66,3,900
7618,17,58,3,900
7620,17,52,3,900
7622,17,45,3,900
7624,17,37,3,900
7626,17,31,3,900
7628,17,25,3,900
7630,17,18,3,900
7632,17,13,3,900
7634,17,07,3,900
7636,17,00,3,900
7638,16,94,3,900
7640,16,88,3,900
7642,16,81,3,900
7644,16,76,3,900
7646,16,70,3,900
7648,16,65,3,900
7650,16,58,3,900
7652,16,54,3,900
7654,16,48,3,900
7656,16,44,3,900
7658,16,40,3,900
7660,16,34,3,900
7662,16,28,3,900
7664,16,23,3,900
7666,16,20,3,900
7668,16,13,3,900
7670,16,07,3,900
7672,16,03,3,900
7674,15,98,3,900
7676,15,94,3,900
7678,15,88,3,900
7680,15,84,3,900
7682,15,81,3,900
7684,15,75,3,900
7686,15,71,3,900
7688,15,66,3,900
7690,15,62,3,900
7692,15,57,3,900
7694,15,52,3,900
7696,15,49,3,900
7698,15,45,3,900
7700,15,41,3,900
7702,15,35,3,900
7704,15,31,3,900
7706,15,28,3,900
7708,15,23,3,900
7710,15,18,3,900
7712,15,14,3,900
7714,15,11,3,900
7716,15,08,3,900
7718,15,04,3,900
7720,14,99,3,900
7722,14,96,3,900
7724,14,92,3,900
7726,14,87,3,900
7728,14,84,3,900
7730,14,80,3,900
7732,14,77,3,900
7734,14,72,3,900
7736,14,69,3,900
7738,14,66,3,900
7740,14,62,3,900
7742,14,59,3,900
7744,14,55,3,900
7746,14,51,3,900
7748,14,47,3,900
7750,14,44,3,900
7752,14,40,3,900
7754,14,35,3,900
7756,14,33,3,900
7758,14,30,3,900
7760,14,26,3,900
7762,14,22,3,900
7764,14,19,3,900
7766,14,16,3,900
7768,14,13,3,900
7770,14,10,3,900
7772,14,05,3,900
7774,14,03,3,900
7776,13,98,3,900
7778,13,95,3,900
7780,13,92,3,900
7782,13,89,3,900
7784,13,86,3,900
7786,13,83,3,900
7788,13,79,3,900
7790,13,76,3,900
7792,13,73,3,900
7794,13,71,3,900
7796,13,66,3,900
7798,13,62,3,900
7800,13,60,3,900
7802,13,56,3,900
7804,13,54,3,900
7806,13,52,3,900
7808,13,47,3,900
7810,13,45,3,900
7812,13,43,3,900
7814,13,39,3,900
7816,13,35,3,900
7818,13,33,3,900
7820,13,30,3,900
7822,13,26,3,900
7824,13,24,3,900
7826,13,20,3,900
7828,13,18,3,900
7830,13,14,3,900
7832,13,11,3,900
7834,13,08,3,900
7836,13,05,3,900
7838,13,03,3,900
7840,13,00,3,900
7842,12,97,3,900
7844,12,93,3,900
7846,12,91,3,900
7848,12,88,3,900
7850,12,84,3,900
7852,12,82,3,900
7854,12,79,3,900
7856,12,77,3,900
7858,12,74,3,900
7860,12,71,3,900
7862,12,67,3,900
7864,12,65,3,900
7866,12,63,3,900
7868,12,59,3,900
7870,12,57,3,900
7872,12,54,3,900
7874,12,50,3,900
7876,12,49,3,900
7878,12,45,3,900
7880,12,44,3,900
7882,12,40,3,900
7884,12,38,3,900
7886,12,34,3,900
7888,12,32,3,900
7890,12,30,3,900
7892,12,27,3,900
7894,12,24,3,900
7896,12,22,3,900
7898,12,20,3,900
7900,12,17,3,900
7902,12,14,3,900
7904,12,12,3,900
7906,12,10,3,900
7908,12,07,3,900
7910,12,04,3,900
7912,12,01,3,900
7914,11,99,3,900
7916,11,94,3,900
7918,11,93,3,900
7920,11,91,3,900
7922,11,88,3,900
7924,11,87,3,900
7926,11,83,3,900
7928,11,79,3,900
7930,11,78,3,900
7932,11,74,3,900
7934,11,73,3,900
7936,11,70,3,900
7938,11,68,3,900
7940,11,64,3,900
7942,11,63,3,900
7944,11,60,3,900
7946,11,58,3,900
7948,11,55,3,900
7950,11,53,3,900
7952,11,50,3,900
7954,11,47,3,900
7956,11,45,3,900
7958,11,42,3,900
7960,11,40,3,900
7962,11,38,3,900
7964,11,36,3,900
7966,11,32,3,900
7968,11,30,3,900
7970,11,27,3,900
7972,11,24,3,900
7974,11,22,3,900
7976,11,20,3,900
7978,11,18,3,900
7980,11,15,3,900
7982,11,12,3,900
7984,11,10,3,900
7986,11,07,3,900
7988,11,05,3,900
7990,11,02,3,900
7992,11,02,3,900
7994,10,99,3,900
7996,10,95,3,900
7998,10,94,3,900
8000,10,92,3,900
8002,10,87,3,900
8004,10,86,3,900
8006,10,84,3,900
8008,10,81,3,900
8010,10,80,3,900
8012,10,77,3,900
8014,10,76,3,900
8016,10,73,3,900
8018,10,69,3,900
8020,10,68,3,900
8022,10,66,3,900
8024,10,63,3,900
8026,10,61,3,900
8028,10,59,3,900
8030,10,57,3,900
8032,10,55,3,900
8034,10,51,3,900
8036,10,49,3,900
8038,10,47,3,900
8040,10,44,3,900
8042,10,44,3,900
8044,10,41,3,900
8046,10,39,3,900
8048,10,36,3,900
8050,10,34,3,900
8052,10,31,3,900
8054,10,30,3,900
8056,10,27,3,900
8058,10,25,3,900
8060,10,22,3,900
8062,10,20,3,900
8064,10,19,3,900
8066,10,16,3,900
8068,10,14,3,900
8070,10,11,3,900
8072,10,09,3,900
8074,10,08,3,900
8076,10,04,3,900
8078,10,02,3,900
8080,10,01,3,900
8082,9,99,3,900
8084,9,96,3,900
8086,9,93,3,900
8088,9,92,3,900
8090,9,90,3,900
8092,9,88,3,900
8094,9,86,3,900
8096,9,82,3,900
8098,9,81,3,900
8100,9,79,3,900
8102,9,75,3,900
8104,9,73,3,900
8106,9,73,3,900
8108,9,68,3,900
8110,9,68,3,900
8112,9,66,3,900
8114,9,64,3,900
8116,9,61,3,900
8118,9,60,3,900
8120,9,58,3,900
8122,9,56,3,900
8124,9,53,3,900
8126,9,51,3,900
8128,9,49,3,900
8130,9,47,3,900
8132,9,45,3,900
8134,9,43,3,900
8136,9,41,3,900
8138,9,39,3,900
8140,9,38,3,900
8142,9,35,3,900
8144,9,31,3,900
8146,9,31,3,900
8148,9,29,3,900
8150,9,28,3,900
8152,9,24,3,900
8154,9,22,3,900
8156,9,21,3,900
8158,9,19,3,900
8160,9,17,3,900
8162,9,15,3,900
8164,9,13,3,900
8166,9,10,3,900
8168,9,08,3,900
8170,9,08,3,900
8172,9,05,3,900
8174,9,02,3,900
8176,9,01,3,900
8178,8,98,3,900
8180,8,97,3,900
8182,8,96,3,900
8184,8,92,3,900
8186,8,91,3,900
8188,8,89,3,900
8190,8,87,3,900
8192,8,86,3,900
8194,8,85,3,900
8196,8,82,3,900
8198,8,80,3,900
8200,8,77,3,900
8202,8,76,3,900
8204,8,73,3,900
8206,8,72,3,900
8208,8,70,3,900
8210,8,68,3,900
8212,8,66,3,900
8214,8,65,3,900
8216,8,63,3,900
8218,8,59,3,900
8220,8,58,3,900
8222,8,56,3,900
8224,8,55,3,900
8226,8,52,3,900
8228,8,51,3,900
8230,8,49,3,900
8232,8,46,3,900
8234,8,46,3,900
8236,8,43,3,900
8238,8,42,3,900
8240,8,40,3,900
8242,8,39,3,900
8244,8,37,3,900
8246,8,36,3,900
8248,8,33,3,900
8250,8,31,3,900
8252,8,29,3,900
8254,8,27,3,900
8256,8,26,3,900
8258,8,23,3,900
8260,8,21,3,900
8262,8,21,3,900
8264,8,19,3,900
8266,8,17,3,900
8268,8,15,3,900
8270,8,13,3,900
8272,8,12,3,900
8274,8,10,3,900
8276,8,09,3,900
8278,8,07,3,900
8280,8,05,3,900
8282,8,04,3,900
8284,8,01,3,900
8286,8,00,3,900
8288,7,96,3,900
8290,7,97,3,900
8292,7,95,3,900
8294,7,92,3,900
8296,7,90,3,900
8298,7,88,3,900
8300,7,87,3,900
8302,7,86,3,900
8304,7,83,3,900
8306,7,83,3,900
8308,7,80,3,900
8310,7,79,3,900
8312,7,78,3,900
8314,7,75,3,900
8316,7,74,3,900
8318,7,72,3,900
8320,7,70,3,900
8322,7,67,3,900
8324,7,67,3,900
8326,7,65,3,900
8328,7,64,3,900
8330,7,61,3,900
8332,7,60,3,900
8334,7,58,3,900
8336,7,58,3,900
8338,7,56,3,900
8340,7,54,3,900
8342,7,52,3,900
8344,7,50,3,900
8346,7,49,3,900
8348,7,47,3,900
8350,7,45,3,900
8352,7,44,3,900
8354,7,44,3,900
8356,7,41,3,900
8358,7,38,3,900
8360,7,38,3,900
8362,7,37,3,900
8364,7,34,3,900
8366,7,33,3,900
8368,7,32,3,900
8370,7,30,3,900
8372,7,29,3,900
8374,7,27,3,900
8376,7,25,3,900
8378,7,24,3,900
8380,7,22,3,900
8382,7,20,3,900
8384,7,19,3,900
8386,7,17,3,900
8388,7,16,3,900
8390,7,16,3,900
8392,7,12,3,900
8394,7,11,3,900
8396,7,09,3,900
8398,7,08,3,900
8400,7,07,3,900
8402,7,04,3,900
8404,7,04,3,900
8406,7,01,3,900
8408,7,00,3,900
8410,6,99,3,900
8412,6,96,3,900
8414,6,96,3,900
8416,6,94,3,900
8418,6,93,3,900
8420,6,92,3,900
8422,6,90,3,900
8424,6,90,3,900
8426,6,87,3,900
8428,6,85,3,900
8430,6,86,3,900
8432,6,82,3,900
8434,6,81,3,900
8436,6,79,3,900
8438,6,78,3,900
8440,6,75,3,900
8442,6,76,3,900
8444,6,74,3,900
8446,6,73,3,900
8448,6,71,3,900
8450,6,70,3,900
8452,6,69,3,900
8454,6,66,3,900
8456,6,65,3,900
8458,6,64,3,900
8460,6,63,3,900
8462,6,61,3,900
8464,6,59,3,900
8466,6,58,3,900
8468,6,57,3,900
8470,6,57,3,900
8472,6,55,3,900
8474,6,54,3,900
8476,6,52,3,900
8478,6,50,3,900
8480,6,49,3,900
8482,6,48,3,900
8484,6,46,3,900
8486,6,45,3,900
8488,6,44,3,900
8490,6,42,3,900
8492,6,41,3,900
8494,6,40,3,900
8496,6,38,3,900
8498,6,36,3,900
8500,6,36,3,900
8502,6,35,3,900
8504,6,32,3,900
8506,6,31,3,900
8508,6,29,3,900
8510,6,28,3,900
8512,6,28,3,900
8514,6,27,3,900
8516,6,25,3,900
8518,6,24,3,900
8520,6,23,3,900
8522,6,22,3,900
8524,6,19,3,900
8526,6,17,3,900
8528,6,18,3,900
8530,6,16,3,900
8532,6,15,3,900
8534,6,14,3,900
8536,6,11,3,900
8538,6,11,3,900
8540,6,10,3,900
8542,6,08,3,900
8544,6,06,3,900
8546,6,06,3,900
8548,6,03,3,900
8550,6,03,3,900
8552,6,02,3,900
8554,6,02,3,900
8556,5,99,3,900
8558,5,97,3,900
8560,5,98,3,900
8562,5,95,3,900
8564,5,94,3,900
8566,5,94,3,900
8568,5,91,3,900
8570,5,90,3,900
8572,5,90,3,900
8574,5,87,3,900
8576,5,86,3,900
8578,5,86,3,900
8580,5,85,3,900
8582,5,82,3,900
8584,5,81,3,900
8586,5,81,3,900
8588,5,79,3,900
8590,5,78,3,900
8592,5,77,3,900
8594,5,76,3,900
8596,5,75,3,900
8598,5,73,3,900
8600,5,73,3,900
8602,5,72,3,900
8604,5,70,3,900
8606,5,69,3,900
8608,5,68,3,900
8610,5,66,3,900
8612,5,65,3,900
8614,5,65,3,900
8616,5,64,3,900
8618,5,61,3,900
8620,5,61,3,900
8622,5,59,3,900
8624,5,59,3,900
8626,5,57,3,900
8628,5,56,3,900
8630,5,55,3,900
8632,5,54,3,900
8634,5,52,3,900
8636,5,52,3,900
8638,5,49,3,900
8640,5,50,3,900
8642,5,48,3,900
8644,5,47,3,900
8646,5,46,3,900
8648,5,45,3,900
8650,5,44,3,900
8652,5,43,3,900
8654,5,40,3,900
8656,5,40,3,900
8658,5,40,3,900
8660,5,39,3,900
8662,5,39,3,900
8664,5,36,3,900
8666,5,35,3,900
8668,5,34,3,900
8670,5,33,3,900
8672,5,32,3,900
8674,5,31,3,900
8676,5,30,3,900
8678,5,29,3,900
8680,5,27,3,900
8682,5,27,3,900
8684,5,25,3,900
8686,5,23,3,900
8688,5,23,3,900
8690,5,23,3,900
8692,5,21,3,900
8694,5,19,3,900
8696,5,19,3,900
8698,5,18,3,900
8700,5,16,3,900
8702,5,17,3,900
8704,5,15,3,900
8706,5,14,3,900
8708,5,13,3,900
8710,5,13,3,900
8712,5,10,3,900
8714,5,09,3,900
8716,5,08,3,900
8718,5,08,3,900
8720,5,06,3,900
8722,5,06,3,900
8724,5,04,3,900
8726,5,04,3,900
8728,5,02,3,900
8730,5,02,3,900
8732,5,01,3,900
8734,4,98,3,900
8736,4,98,3,900
8738,4,98,3,900
8740,4,97,3,900
8742,4,96,3,900
8744,4,95,3,900
8746,4,94,3,900
8748,4,93,3,900
8750,4,91,3,900
8752,4,90,3,900
8754,4,90,3,900
8756,4,88,3,900
8758,4,88,3,900
8760,4,88,3,900
8762,4,85,3,900
8764,4,85,3,900
8766,4,85,3,900
8768,4,83,3,900
8770,4,81,3,900
8772,4,81,3,900
8774,4,80,3,900
8776,4,79,3,900
8778,4,78,3,900
8780,4,76,3,900
8782,4,76,3,900
8784,4,75,3,900
8786,4,74,3,900
8788,4,74,3,900
8790,4,72,3,900
8792,4,72,3,900
8794,4,70,3,900
8796,4,69,3,900
8798,4,69,3,900
8800,4,69,3,900
8802,4,68,3,900
8804,4,67,3,900
8806,4,64,3,900
8808,4,64,3,900
8810,4,63,3,900
8812,4,63,3,900
8814,4,63,3,900
8816,4,60,3,900
8818,4,58,3,900
8820,4,59,3,900
8822,4,58,3,900
8824,4,56,3,900
8826,4,56,3,900
8828,4,55,3,900
8830,4,54,3,900
8832,4,53,3,900
8834,4,53,3,900
8836,4,52,3,900
8838,4,50,3,900
8840,4,49,3,900
8842,4,49,3,900
8844,4,47,3,900
8846,4,46,3,900
8848,4,47,3,900
8850,4,45,3,900
8852,4,45,3,900
8854,4,44,3,900
8856,4,44,3,900
8858,4,42,3,900
8860,4,40,3,900
8862,4,39,3,900
8864,4,39,3,900
8866,4,37,3,900
8868,4,37,3,900
8870,4,37,3,900
8872,4,35,3,900
8874,4,35,3,900
8876,4,34,3,900
8878,4,34,3,900
8880,4,33,3,900
8882,4,32,3,900
8884,4,30,3,900
8886,4,30,3,900
8888,4,29,3,900
8890,4,28,3,900
8892,4,28,3,900
8894,4,27,3,900
8896,4,27,3,900
8898,4,24,3,900
8900,4,24,3,900
8902,4,24,3,900
8904,4,23,3,900
8906,4,20,3,900
8908,4,21,3,900
8910,4,19,3,900
8912,4,19,3,900
8914,4,19,3,900
8916,4,17,3,900
8918,4,15,3,900
8920,4,15,3,900
8922,4,15,3,900
8924,4,14,3,900
8926,4,14,3,900
8928,4,14,3,900
8930,4,10,3,900
8932,4,11,3,900
8934,4,10,3,900
8936,4,09,3,900
8938,4,08,3,900
8940,4,08,3,900
8942,4,07,3,900
8944,4,07,3,900
8946,4,06,3,900
8948,4,05,3,900
8950,4,04,3,900
8952,4,03,3,900
8954,4,02,3,900
8956,4,03,3,900
8958,4,01,3,900
8960,4,00,3,900
8962,3,98,3,900
8964,3,99,3,900
8966,3,98,3,900
8968,3,98,3,900
8970,3,96,3,900
8972,3,95,3,900
8974,3,95,3,900
8976,3,94,3,900
8978,3,94,3,900
8980,3,93,3,900
8982,3,93,3,900
8984,3,91,3,900
8986,3,89,3,900
8988,3,89,3,900
8990,3,90,3,900
8992,3,89,3,900
8994,3,88,3,900
8996,3,86,3,900
8998,3,86,3,900
9000,3,85,3,900
9002,3,83,3,900
9004,3,84,3,900
9006,3,84,3,900
9008,3,83,3,900
9010,3,81,3,900
9012,3,82,3,900
9014,3,80,3,900
9016,3,79,3,900
9018,3,79,3,900
9020,3,79,3,900
9022,3,77,3,900
9024,3,77,3,900
9026,3,76,3,900
9028,3,75,3,900
9030,3,75,3,900
9032,3,74,3,900
9034,3,74,3,900
9036,3,73,3,900
9038,3,73,3,900
9040,3,71,3,900
9042,3,70,3,900
9044,3,69,3,900
9046,3,69,3,900
9048,3,68,3,900
9050,3,67,3,900
9052,3,65,3,900
9054,3,67,3,900
9056,3,65,3,900
9058,3,64,3,900
9060,3,65,3,900
9062,3,64,3,900
9064,3,63,3,900
9066,3,63,3,900
9068,3,63,3,900
9070,3,60,3,900
9072,3,61,3,900
9074,3,59,3,900
9076,3,59,3,900
9078,3,58,3,900
9080,3,57,3,900
9082,3,56,3,900
9084,3,56,3,900
9086,3,55,3,900
9088,3,55,3,900
9090,3,54,3,900
9092,3,53,3,900
9094,3,53,3,900
9096,3,52,3,900
9098,3,52,3,900
9100,3,52,3,900
9102,3,51,3,900
9104,3,48,3,900
9106,3,48,3,900
9108,3,48,3,900
9110,3,47,3,900
9112,3,46,3,900
9114,3,46,3,900
9116,3,46,3,900
9118,3,45,3,900
9120,3,44,3,900
9122,3,44,3,900
9124,3,43,3,900
9126,3,42,3,900
9128,3,42,3,900
9130,3,42,3,900
9132,3,41,3,900
9134,3,39,3,900
9136,3,40,3,900
9138,3,38,3,900
9140,3,38,3,900
9142,3,37,3,900
9144,3,37,3,900
9146,3,36,3,900
9148,3,36,3,900
9150,3,35,3,900
9152,3,35,3,900
9154,3,33,3,900
9156,3,33,3,900
9158,3,33,3,900
9160,3,32,3,900
9162,3,32,3,900
9164,3,32,3,900
9166,3,31,3,900
9168,3,30,3,900
9170,3,29,3,900
9172,3,29,3,900
9174,3,27,3,900
9176,3,27,3,900
9178,3,26,3,900
9180,3,26,3,900
9182,3,25,3,900
9184,3,26,3,900
9186,3,25,3,900
9188,3,24,3,900
9190,3,24,3,900
9192,3,22,3,900
9194,3,22,3,900
9196,3,22,3,900
9198,3,22,3,900
9200,3,21,3,900
9202,3,20,3,900
9204,3,21,3,900
9206,3,19,3,900
9208,3,18,3,900
9210,3,17,3,900
9212,3,17,3,900
9214,3,16,3,900
9216,3,15,3,900
9218,3,16,3,900
9220,3,15,3,900
9222,3,13,3,900
9224,3,13,3,900
9226,3,14,3,900
9228,3,13,3,900
9230,3,12,3,900
9232,3,12,3,900
9234,3,10,3,900
9236,3,09,3,900
9238,3,08,3,900
9240,3,09,3,900
9242,3,09,3,900
9244,3,07,3,900
9246,3,07,3,900
9248,3,07,3,900
9250,3,07,3,900
9252,3,05,3,900
9254,3,06,3,900
9256,3,05,3,900
9258,3,04,3,900
9260,3,03,3,900
9262,3,03,3,900
9264,3,02,3,900
9266,3,03,3,900
9268,3,01,3,900
9270,3,01,3,900
9272,2,99,3,900
9274,2,99,3,900
9276,2,99,3,900
9278,2,99,3,900
9280,2,99,3,900
9282,2,98,3,900
9284,2,97,3,900
9286,2,97,3,900
9288,2,96,3,900
9290,2,96,3,900
9292,2,94,3,900
9294,2,94,3,900
9296,2,94,3,900
9298,2,93,3,900
9300,2,94,3,900
9302,2,93,3,900
9304,2,93,3,900
9306,2,91,3,900
9308,2,92,3,900
9310,2,90,3,900
9312,2,90,3,900
9314,2,90,3,900
9316,2,89,3,900
9318,2,87,3,900
9320,2,88,3,900
9322,2,86,3,900
9324,2,87,3,900
9326,2,87,3,900
9328,2,87,3,900
9330,2,85,3,900
9332,2,85,3,900
9334,2,84,3,900
9336,2,85,3,900
9338,2,84,3,900
9340,2,84,3,900
9342,2,83,3,900
9344,2,82,3,900
9346,2,81,3,900
9348,2,81,3,900
9350,2,81,3,900
9352,2,81,3,900
9354,2,80,3,900
9356,2,79,3,900
9358,2,78,3,900
9360,2,78,3,900
9362,2,77,3,900
9364,2,76,3,900
9366,2,77,3,900
9368,2,76,3,900
9370,2,75,3,900
9372,2,74,3,900
9374,2,74,3,900
9376,2,74,3,900
9378,2,73,3,900
9380,2,73,3,900
9382,2,73,3,900
9384,2,72,3,900
9386,2,73,3,900
9388,2,72,3,900
9390,2,69,3,900
9392,2,71,3,900
9394,2,71,3,900
9396,2,71,3,900
9398,2,68,3,900
9400,2,67,3,900
9402,2,68,3,900
9404,2,68,3,900
9406,2,67,3,900
9408,2,67,3,900
9410,2,68,3,900
9412,2,65,3,900
9414,2,65,3,900
9416,2,65,3,900
9418,2,64,3,900
9420,2,64,3,900
9422,2,63,3,900
9424,2,64,3,900
9426,2,63,3,900
9428,2,62,3,900
9430,2,62,3,900
9432,2,61,3,900
9434,2,62,3,900
9436,2,61,3,900
9438,2,59,3,900
9440,2,59,3,900
9442,2,59,3,900
9444,2,59,3,900
9446,2,57,3,900
9448,2,57,3,900
9450,2,56,3,900
9452,2,57,3,900
9454,2,57,3,900
9456,2,55,3,900
9458,2,57,3,900
9460,2,56,3,900
9462,2,55,3,900
9464,2,54,3,900
9466,2,53,3,900
9468,2,53,3,900
9470,2,53,3,900
9472,2,52,3,900
9474,2,52,3,900
9476,2,52,3,900
9478,2,52,3,900
9480,2,51,3,900
9482,2,49,3,900
9484,2,51,3,900
9486,2,51,3,900
9488,2,48,3,900
9490,2,49,3,900
9492,2,49,3,900
9494,2,47,3,900
9496,2,47,3,900
9498,2,47,3,900
9500,2,47,3,900
9502,2,46,3,900
9504,2,47,3,900
9506,2,46,3,900
9508,2,46,3,900
9510,2,46,3,900
9512,2,44,3,900
9514,2,44,3,900
9516,2,44,3,900
9518,2,42,3,900
9520,2,43,3,900
9522,2,42,3,900
9524,2,43,3,900
9526,2,42,3,900
9528,2,41,3,900
9530,2,41,3,900
9532,2,41,3,900
9534,2,41,3,900
9536,2,40,3,900
9538,2,39,3,900
9540,2,38,3,900
9542,2,39,3,900
9544,2,38,3,900
9546,2,37,3,900
9548,2,38,3,900
9550,2,36,3,900
9552,2,36,3,900
9554,2,35,3,900
9556,2,35,3,900
9558,2,34,3,900
9560,2,34,3,900
9562,2,34,3,900
9564,2,34,3,900
9566,2,33,3,900
9568,2,34,3,900
9570,2,32,3,900
9572,2,31,3,900
9574,2,32,3,900
9576,2,32,3,900
9578,2,31,3,900
9580,2,31,3,900
9582,2,31,3,900
9584,2,29,3,900
9586,2,30,3,900
9588,2,29,3,900
9590,2,29,3,900
9592,2,28,3,900
9594,2,27,3,900
9596,2,27,3,900
9598,2,27,3,900
9600,2,27,3,900
9602,2,26,3,900
9604,2,26,3,900
9606,2,25,3,900
9608,2,26,3,900
9610,2,25,3,900
9612,2,24,3,900
9614,2,25,3,900
9616,2,24,3,900
9618,2,23,3,900
9620,2,24,3,900
9622,2,22,3,900
9624,2,23,3,900
9626,2,22,3,900
9628,2,22,3,900
9630,2,22,3,900
9632,2,21,3,900
9634,2,21,3,900
9636,2,20,3,900
9638,2,19,3,900
9640,2,19,3,900
9642,2,19,3,900
9644,2,19,3,900
9646,2,17,3,900
9648,2,19,3,900
9650,2,17,3,900
9652,2,17,3,900
9654,2,17,3,900
9656,2,16,3,900
9658,2,16,3,900
9660,2,17,3,900
9662,2,14,3,900
9664,2,15,3,900
9666,2,15,3,900
9668,2,15,3,900
9670,2,14,3,900
9672,2,15,3,900
9674,2,13,3,900
9676,2,14,3,900
9678,2,13,3,900
9680,2,13,3,900
9682,2,12,3,900
9684,2,12,3,900
9686,2,11,3,900
9688,2,10,3,900
9690,2,10,3,900
9692,2,10,3,900
9694,2,10,3,900
9696,2,10,3,900
9698,2,09,3,900
9700,2,08,3,900
9702,2,08,3,900
9704,2,07,3,900
9706,2,09,3,900
9708,2,09,3,900
9710,2,08,3,900
9712,2,07,3,900
9714,2,08,3,900
9716,2,05,3,900
9718,2,05,3,900
9720,2,05,3,900
9722,2,06,3,900
9724,2,05,3,900
9726,2,04,3,900
9728,2,05,3,900
9730,2,04,3,900
9732,2,04,3,900
9734,2,04,3,900
9736,2,03,3,900
9738,2,04,3,900
9740,2,03,3,900
9742,2,01,3,900
9744,2,01,3,900
9746,2,02,3,900
9748,2,01,3,900
9750,2,01,3,900
9752,2,00,3,900
9754,2,00,3,900
9756,1,99,3,900
9758,2,00,3,900
9760,2,00,3,900
9762,1,99,3,900
9764,1,98,3,900
9766,1,98,3,900
9768,1,97,3,900
9770,1,97,3,900
9772,1,96,3,900
9774,1,96,3,900
9776,1,96,3,900
9778,1,96,3,900
9780,1,96,3,900
9782,1,96,3,900
9784,1,96,3,900
9786,1,95,3,900
9788,1,94,3,900
9790,1,93,3,900
9792,1,94,3,900
9794,1,93,3,900
9796,1,93,3,900
9798,1,92,3,900
9800,1,93,3,900
9802,1,93,3,900
9804,1,92,3,900
9806,1,92,3,900
9808,1,91,3,900
9810,1,89,3,900
9812,1,89,3,900
9814,1,89,3,900
9816,1,91,3,900
9818,1,89,3,900
9820,1,88,3,900
9822,1,88,3,900
9824,1,89,3,900
9826,1,88,3,900
9828,1,88,3,900
9830,1,88,3,900
9832,1,88,3,900
9834,1,87,3,900
9836,1,88,3,900
9838,1,87,3,900
9840,1,88,3,900
9842,1,85,3,900
9844,1,86,3,900
9846,1,85,3,900
9848,1,85,3,900
9850,1,86,3,900
9852,1,84,3,900
9854,1,84,3,900
9856,1,84,3,900
9858,1,84,3,900
9860,1,84,3,900
9862,1,83,3,900
9864,1,83,3,900
9866,1,83,3,900
9868,1,83,3,900
9870,1,83,3,900
9872,1,83,3,900
9874,1,83,3,900
9876,1,79,3,900
9878,1,81,3,900
9880,1,80,3,900
9882,1,80,3,900
9884,1,79,3,900
9886,1,79,3,900
9888,1,79,3,900
9890,1,79,3,900
9892,1,79,3,900
9894,1,78,3,900
9896,1,79,3,900
9898,1,80,3,900
9900,1,78,3,900
9902,1,76,3,900
9904,1,76,3,900
9906,1,76,3,900
9908,1,75,3,900
9910,1,76,3,900
9912,1,76,3,900
9914,1,75,3,900
9916,1,75,3,900
9918,1,75,3,900
9920,1,75,3,900
9922,1,74,3,900
9924,1,75,3,900
9926,1,75,3,900
9928,1,75,3,900
9930,1,74,3,900
9932,1,75,3,900
9934,1,74,3,900
9936,1,73,3,900
9938,1,72,3,900
9940,1,72,3,900
9942,1,71,3,900
9944,1,71,3,900
9946,1,72,3,900
9948,1,71,3,900
9950,1,71,3,900
9952,1,71,3,900
9954,1,68,3,900
9956,1,71,3,900
9958,1,70,3,900
9960,1,68,3,900
9962,1,67,3,900
9964,1,67,3,900
9966,1,68,3,900
9968,1,67,3,900
9970,1,67,3,900
9972,1,68,3,900
9974,1,67,3,900
9976,1,67,3,900
9978,1,67,3,900
9980,1,67,3,900
9982,1,67,3,900
9984,1,66,3,900
9986,1,67,3,900
9988,1,67,3,900
9990,1,67,3,900
9992,1,65,3,900
9994,1,66,3,900
9996,1,64,3,900
9998,1,63,3,900
10000,1,64,3,900
10002,1,65,3,900
10004,1,63,3,900
10006,1,64,3,900
10008,1,63,3,900
10010,1,63,3,900
10012,1,63,3,900
10014,1,63,3,900
10016,1,63,3,900
10018,1,63,3,900
10020,1,63,3,900
10022,1,63,3,900
10024,1,61,3,900
10026,1,62,3,900
10028,1,59,3,900
10030,1,59,3,900
10032,1,60,3,900
10034,1,61,3,900
10036,1,59,3,900
10038,1,61,3,900
10040,1,58,3,900
10042,1,59,3,900
10044,1,58,3,900
10046,1,58,3,900
10048,1,58,3,900
10050,1,58,3,900
10052,1,58,3,900
10054,1,58,3,900
10056,1,58,3,900
10058,1,58,3,900
10060,1,56,3,900
10062,1,58,3,900
10064,1,57,3,900
10066,1,55,3,900
10068,1,55,3,900
10070,1,55,3,900
10072,1,55,3,900
10074,1,54,3,900
10076,1,54,3,900
10078,1,55,3,900
10080,1,55,3,900
10082,1,54,3,900
10084,1,54,3,900
10086,1,54,3,900
10088,1,54,3,900
10090,1,54,3,900
10092,1,54,3,900
10094,1,54,3,900
10096,1,54,3,900
10098,1,51,3,900
10100,1,53,3,900
10102,1,51,3,900
10104,1,51,3,900
10106,1,50,3,900
10108,1,51,3,900
10110,1,51,3,900
10112,1,50,3,900
10114,1,51,3,900
10116,1,50,3,900
10118,1,50,3,900
10120,1,50,3,900
10122,1,50,3,900
10124,1,50,3,900
10126,1,50,3,900
10128,1,50,3,900
10130,1,49,3,900
10132,1,48,3,900
10134,1,48,3,900
10136,1,48,3,900
10138,1,46,3,900
10140,1,46,3,900
10142,1,47,3,900
10144,1,47,3,900
10146,1,46,3,900
10148,1,47,3,900
10150,1,46,3,900
10152,1,46,3,900
10154,1,48,3,900
10156,1,46,3,900
10158,1,46,3,900
10160,1,46,3,900
10162,1,46,3,900
10164,1,46,3,900
10166,1,45,3,900
10168,1,44,3,900
10170,1,45,3,900
10172,1,45,3,900
10174,1,45,3,900
10176,1,43,3,900
10178,1,42,3,900
10180,1,43,3,900
10182,1,43,3,900
10184,1,44,3,900
10186,1,42,3,900
10188,1,42,3,900
10190,1,42,3,900
10192,1,42,3,900
10194,1,42,3,900
10196,1,42,3,900
10198,1,42,3,900
10200,1,42,3,900
10202,1,42,3,900
10204,1,41,3,900
10206,1,41,3,900
10208,1,39,3,900
10210,1,41,3,900
10212,1,41,3,900
10214,1,38,3,900
10216,1,38,3,900
10218,1,38,3,900
10220,1,38,3,900
10222,1,38,3,900
10224,1,37,3,900
10226,1,38,3,900
10228,1,37,3,900
10230,1,37,3,900
10232,1,37,3,900
10234,1,37,3,900
10236,1,38,3,900
10238,1,37,3,900
10240,1,37,3,900
10242,1,37,3,900
10244,1,37,3,900
10246,1,37,3,900
10248,1,37,3,900
10250,1,36,3,900
10252,1,35,3,900
10254,1,36,3,900
10256,1,35,3,900
10258,1,34,3,900
10260,1,33,3,900
10262,1,33,3,900
10264,1,33,3,900
10266,1,34,3,900
10268,1,34,3,900
10270,1,33,3,900
10272,1,33,3,900
10274,1,33,3,900
10276,1,33,3,900
10278,1,33,3,900
10280,1,33,3,900
10282,1,33,3,900
10284,1,33,3,900
10286,1,32,3,900
10288,1,33,3,900
10290,1,33,3,900
10292,1,33,3,900
10294,1,30,3,900
10296,1,31,3,900
10298,1,30,3,900
10300,1,30,3,900
10302,1,30,3,900
10304,1,31,3,900
10306,1,29,3,900
10308,1,30,3,900
10310,1,29,3,900
10312,1,30,3,900
10314,1,29,3,900
10316,1,29,3,900
10318,1,29,3,900
10320,1,28,3,900
10322,1,28,3,900
10324,1,29,3,900
10326,1,28,3,900
10328,1,29,3,900
10330,1,28,3,900
10332,1,27,3,900
10334,1,28,3,900
10336,1,26,3,900
10338,1,29,3,900
10340,1,27,3,900
10342,1,25,3,900
10344,1,25,3,900
10346,1,25,3,900
10348,1,25,3,900
10350,1,25,3,900
10352,1,25,3,900
10354,1,25,3,900
10356,1,25,3,900
10358,1,24,3,900
10360,1,25,3,900
10362,1,25,3,900
10364,1,25,3,900
10366,1,25,3,900
10368,1,25,3,900
10370,1,25,3,900
10372,1,25,3,900
10374,1,25,3,900
10376,1,22,3,900
10378,1,24,3,900
10380,1,24,3,900
10382,1,22,3,900
10384,1,22,3,900
10386,1,22,3,900
10388,1,22,3,900
10390,1,23,3,900
10392,1,22,3,900
10394,1,21,3,900
10396,1,21,3,900
10398,1,21,3,900
10400,1,21,3,900
10402,1,21,3,900
10404,1,21,3,900
10406,1,21,3,900
10408,1,21,3,900
10410,1,21,3,900
10412,1,20,3,900
10414,1,21,3,900
10416,1,21,3,900
10418,1,21,3,900
10420,1,20,3,900
10422,1,20,3,900
10424,1,20,3,900
10426,1,20,3,900
10428,1,17,3,900
10430,1,19,3,900
10432,1,17,3,900
10434,1,19,3,900
10436,1,17,3,900
10438,1,17,3,900
10440,1,16,3,900
10442,1,16,3,900
10444,1,16,3,900
10446,1,16,3,900
10448,1,16,3,900
10450,1,16,3,900
10452,1,16,3,900
10454,1,16,3,900
10456,1,16,3,900
10458,1,16,3,900
10460,1,15,3,900
10462,1,16,3,900
10464,1,15,3,900
10466,1,15,3,900
10468,1,16,3,900
10470,1,16,3,900
10472,1,16,3,900
10474,1,15,3,900
10476,1,14,3,900
10478,1,14,3,900
10480,1,13,3,900
10482,1,13,3,900
10484,1,13,3,900
10486,1,13,3,900
10488,1,13,3,900
10490,1,13,3,900
10492,1,14,3,900
10494,1,12,3,900
10496,1,12,3,900
10498,1,13,3,900
10500,1,13,3,900
10502,1,12,3,900
10504,1,12,3,900
10506,1,12,3,900
10508,1,12,3,900
10510,1,12,3,900
10512,1,12,3,900
10514,1,12,3,900
10516,1,12,3,900
10518,1,11,3,900
10520,1,12,3,900
10522,1,09,3,900
10524,1,10,3,900
10526,1,10,3,900
10528,1,08,3,900
10530,1,10,3,900
10532,1,11,3,900
10534,1,10,3,900
10536,1,08,3,900
10538,1,10,3,900
10540,1,08,3,900
10542,1,08,3,900
10544,1,08,3,900
10546,1,08,3,900
10548,1,08,3,900
10550,1,08,3,900
10552,1,08,3,900
10554,1,08,3,900
10556,1,08,3,900
10558,1,08,3,900
10560,1,08,3,900
10562,1,08,3,900
10564,1,06,3,900
10566,1,07,3,900
10568,1,07,3,900
10570,1,08,3,900
10572,1,07,3,900
10574,1,06,3,900
10576,1,06,3,900
10578,1,05,3,900
10580,1,07,3,900
10582,1,07,3,900
10584,1,04,3,900
10586,1,04,3,900
10588,1,07,3,900
10590,1,04,3,900
10592,1,04,3,900
10594,1,05,3,900
10596,1,04,3,900
10598,1,05,3,900
10600,1,04,3,900
10602,1,04,3,900
10604,1,04,3,900
10606,1,04,3,900
10608,1,04,3,900
10610,1,04,3,900
10612,1,04,3,900
10614,1,04,3,900
10616,1,04,3,900
10618,1,03,3,900
10620,1,03,3,900
10622,1,04,3,900
10624,1,03,3,900
10626,1,03,3,900
10628,1,03,3,900
10630,1,01,3,900
10632,1,02,3,900
10634,1,02,3,900
10636,1,03,3,900
10638,1,03,3,900
10640,1,02,3,900
10642,1,01,3,900
10643,1,00,3,900
10643,1,00,3,900
